/*--------------------------------*- C++ -*----------------------------------*\
| =========                 |                                                 |
| \\      /  F ield         | OpenFOAM: The Open Source CFD Toolbox           |
|  \\    /   O peration     | Version:  1.7.1                                 |
|   \\  /    A nd           | Web:      www.OpenFOAM.com                      |
|    \\/     M anipulation  |                                                 |
\*---------------------------------------------------------------------------*/
FoamFile
{
    version     2.0;
    format      ascii;
    class       volVectorField;
    object      Ua;
}
// * * * * * * * * * * * * * * * * * * * * * * * * * * * * * * * * * * * * * //

dimensions      [0 1 -1 0 0 0 0];

internalField   nonuniform List<vector> 
1875
(
(0.235741 0.282915 0)
(0.643036 0.399243 0)
(0.656185 0.509736 0)
(0.636409 0.544659 0)
(0.620127 0.564227 0)
(0.618713 0.561656 0)
(0.624412 0.553842 0)
(0.632129 0.542499 0)
(0.629964 0.532026 0)
(0.624875 0.526406 0)
(0.614482 0.526789 0)
(0.599004 0.532843 0)
(0.577409 0.553691 0)
(0.530174 0.581747 0)
(0.467086 0.62077 0)
(0.341265 0.702532 0)
(0.200802 0.714208 0)
(0.165579 0.724117 0)
(0.0823803 0.878697 0)
(-0.016522 0.926312 0)
(-0.226396 0.75159 0)
(-0.179979 0.678163 0)
(-0.399049 0.427978 0)
(-0.566877 0.274105 0)
(-0.384263 -0.0548673 0)
(0.0716513 -0.439321 0)
(0.279506 -0.152191 0)
(0.184572 0.1313 0)
(0.175589 0.255174 0)
(0.184014 0.271204 0)
(0.208684 0.269064 0)
(0.242769 0.248253 0)
(0.280598 0.228197 0)
(0.319307 0.217199 0)
(0.34987 0.217243 0)
(0.381907 0.223478 0)
(0.424078 0.230925 0)
(0.428005 0.270264 0)
(0.382643 0.307171 0)
(0.372617 0.391425 0)
(0.258543 0.50144 0)
(0.0953053 0.676366 0)
(0.104968 0.742667 0)
(0.096802 0.869526 0)
(0.139361 0.870893 0)
(0.0573226 0.667963 0)
(0.214903 0.561766 0)
(0.0766779 0.612272 0)
(-0.122334 -0.0156288 0)
(-0.279094 -0.521725 0)
(-0.0176985 -0.513921 0)
(0.0347137 -0.042279 0)
(-0.0122756 0.189036 0)
(0.0400778 0.115918 0)
(0.127855 0.0810941 0)
(0.180943 0.0966721 0)
(0.198338 0.136208 0)
(0.208426 0.154902 0)
(0.247423 0.163264 0)
(0.249173 0.210267 0)
(0.218257 0.201626 0)
(0.161338 0.201241 0)
(0.176038 0.26962 0)
(0.0915893 0.343315 0)
(0.0809896 0.414782 0)
(-0.0331324 0.566673 0)
(-0.122711 0.595887 0)
(-0.0631875 0.636468 0)
(-0.0752413 0.772388 0)
(0.016323 0.787342 0)
(-0.00494172 0.556271 0)
(0.168714 0.358189 0)
(0.0777835 0.477472 0)
(0.0848983 0.117252 0)
(-0.150044 -0.530939 0)
(-0.00246017 -0.543038 0)
(0.0310676 0.0203172 0)
(-0.00859394 0.242012 0)
(0.0432859 0.157066 0)
(0.0739057 0.132058 0)
(0.0769579 0.160969 0)
(0.0543572 0.201658 0)
(0.0281194 0.187048 0)
(0.0597751 0.160184 0)
(0.0150864 0.204361 0)
(-0.0627548 0.330466 0)
(-0.125905 0.384734 0)
(-0.162897 0.409445 0)
(-0.176189 0.432821 0)
(-0.164775 0.478269 0)
(-0.170618 0.523923 0)
(-0.108591 0.511002 0)
(-0.126957 0.573263 0)
(-0.12712 0.734609 0)
(-0.0845458 0.759789 0)
(0.0331765 0.480641 0)
(0.101535 0.455155 0)
(0.010038 0.657924 0)
(0.0613247 0.491649 0)
(-0.0891678 -0.313494 0)
(0.000978649 -0.577408 0)
(-0.0152532 -0.125008 0)
(-0.00602979 0.0905946 0)
(0.0792542 -0.0215229 0)
(0.0448018 -0.0383249 0)
(0.0212028 0.0839119 0)
(-0.0733629 0.190164 0)
(-0.106851 0.162443 0)
(-0.143221 0.168897 0)
(-0.218732 0.293125 0)
(-0.226009 0.313401 0)
(-0.230132 0.296989 0)
(-0.213528 0.316163 0)
(-0.213571 0.346585 0)
(-0.189509 0.381493 0)
(-0.166401 0.381986 0)
(-0.167863 0.465124 0)
(-0.273715 0.550543 0)
(-0.282759 0.685692 0)
(-0.144366 0.557903 0)
(0.0228787 0.269495 0)
(0.0339209 0.413566 0)
(-0.0446192 0.53295 0)
(0.0689717 0.338812 0)
(-0.0777225 -0.43038 0)
(0.00337122 -0.510514 0)
(-0.0233767 -0.0465083 0)
(-0.0190977 0.00964726 0)
(0.0445354 -0.0085983 0)
(-0.0290037 0.0996159 0)
(-0.0714682 0.256276 0)
(-0.141746 0.328702 0)
(-0.146813 0.298179 0)
(-0.220543 0.313735 0)
(-0.23063 0.316241 0)
(-0.215578 0.326605 0)
(-0.208755 0.351326 0)
(-0.207563 0.378341 0)
(-0.213012 0.392876 0)
(-0.195504 0.408488 0)
(-0.207271 0.443346 0)
(-0.252032 0.56554 0)
(-0.293884 0.626126 0)
(-0.277673 0.649848 0)
(-0.140787 0.414759 0)
(-0.0173278 0.237967 0)
(-0.00146389 0.449184 0)
(-0.00921544 0.593652 0)
(0.0443774 0.468614 0)
(-0.101398 -0.313839 0)
(0.0119738 -0.498432 0)
(-0.0226992 -0.034944 0)
(-0.0302639 0.0354088 0)
(-0.0461342 0.015388 0)
(-0.117576 0.125313 0)
(-0.155351 0.28538 0)
(-0.184462 0.328131 0)
(-0.18456 0.310887 0)
(-0.222241 0.306776 0)
(-0.228316 0.283665 0)
(-0.22837 0.28412 0)
(-0.237535 0.312724 0)
(-0.243165 0.343901 0)
(-0.247758 0.359063 0)
(-0.238153 0.403224 0)
(-0.281716 0.490919 0)
(-0.301372 0.53859 0)
(-0.270337 0.559814 0)
(-0.209984 0.480356 0)
(-0.116475 0.162647 0)
(-0.0848917 0.035491 0)
(-0.0162196 0.389816 0)
(0.00804055 0.547809 0)
(0.000151655 0.44985 0)
(-0.0742983 -0.373666 0)
(0.0226381 -0.424386 0)
(-0.0159965 0.0889873 0)
(-0.0489576 0.158477 0)
(-0.0932017 0.135951 0)
(-0.131842 0.252351 0)
(-0.169339 0.376081 0)
(-0.208511 0.406023 0)
(-0.236303 0.386353 0)
(-0.263553 0.361001 0)
(-0.280644 0.323677 0)
(-0.307179 0.324151 0)
(-0.338995 0.354472 0)
(-0.351826 0.37819 0)
(-0.363041 0.394315 0)
(-0.38315 0.429582 0)
(-0.37241 0.460261 0)
(-0.278268 0.484737 0)
(-0.151544 0.43029 0)
(0.0354422 0.303739 0)
(0.133782 0.109043 0)
(0.0461519 0.155129 0)
(-0.0969644 0.350308 0)
(-0.0260814 0.555089 0)
(-0.0576074 0.509295 0)
(0.0638435 -0.36229 0)
(0.0397873 -0.401762 0)
(0.0132581 0.208607 0)
(-0.0503483 0.290348 0)
(-0.139116 0.21531 0)
(-0.124556 0.315017 0)
(-0.165117 0.47282 0)
(-0.166557 0.506898 0)
(-0.221453 0.47662 0)
(-0.240043 0.436727 0)
(-0.279175 0.417863 0)
(-0.311754 0.419931 0)
(-0.337641 0.423714 0)
(-0.343674 0.415868 0)
(-0.348424 0.416639 0)
(-0.338202 0.415982 0)
(-0.326527 0.394585 0)
(-0.268182 0.288732 0)
(-0.158546 0.159757 0)
(-0.00445933 0.0705633 0)
(0.00775141 0.0256028 0)
(-0.133256 0.248876 0)
(-0.293176 0.437779 0)
(-0.241293 0.497609 0)
(-0.106385 0.385991 0)
(0.177888 -0.400565 0)
(0.104788 -0.388573 0)
(-0.0393141 0.305495 0)
(0.0314174 0.518475 0)
(-0.141042 0.351628 0)
(-0.131753 0.347489 0)
(-0.135579 0.491547 0)
(-0.103922 0.56379 0)
(-0.14706 0.583771 0)
(-0.15107 0.5458 0)
(-0.194289 0.515018 0)
(-0.216366 0.477417 0)
(-0.24922 0.451599 0)
(-0.246783 0.428726 0)
(-0.247815 0.413063 0)
(-0.239395 0.371203 0)
(-0.235777 0.287928 0)
(-0.238215 0.186885 0)
(-0.245344 0.109425 0)
(-0.245592 0.0939 0)
(-0.361738 0.192577 0)
(-0.464709 0.325927 0)
(-0.459003 0.332914 0)
(-0.348293 0.260469 0)
(-0.10742 0.047654 0)
(0.186306 -0.315578 0)
(0.129128 -0.319172 0)
(-0.132039 0.274902 0)
(0.177386 0.599848 0)
(-0.00569923 0.545343 0)
(-0.107578 0.376326 0)
(-0.101016 0.458921 0)
(-0.0840805 0.549942 0)
(-0.0843162 0.575151 0)
(-0.0853267 0.566258 0)
(-0.0955599 0.546293 0)
(-0.112786 0.503591 0)
(-0.128787 0.447535 0)
(-0.144053 0.394955 0)
(-0.146489 0.356389 0)
(-0.155312 0.31432 0)
(-0.1612 0.291751 0)
(-0.209886 0.250728 0)
(-0.250769 0.216813 0)
(-0.290388 0.277419 0)
(-0.383223 0.404172 0)
(-0.430982 0.404915 0)
(-0.39869 0.288507 0)
(-0.261189 0.0585085 0)
(-0.117553 -0.154962 0)
(0.0284448 -0.228772 0)
(0.0532209 -0.256435 0)
(-0.0878511 0.284606 0)
(0.183881 0.519631 0)
(0.173214 0.831358 0)
(-0.0214973 0.609281 0)
(-0.0257563 0.51429 0)
(-0.0764946 0.571152 0)
(-0.0851017 0.58564 0)
(-0.0835825 0.5714 0)
(-0.0731847 0.539861 0)
(-0.0567206 0.494451 0)
(-0.0633894 0.448248 0)
(-0.0501005 0.412787 0)
(-0.0722485 0.397611 0)
(-0.0915791 0.372539 0)
(-0.123198 0.3627 0)
(-0.1621 0.385102 0)
(-0.201852 0.418073 0)
(-0.211814 0.505279 0)
(-0.292788 0.542034 0)
(-0.350848 0.410291 0)
(-0.298318 0.0969379 0)
(-0.221553 -0.0919876 0)
(-0.159419 -0.1918 0)
(-0.109666 -0.409249 0)
(-0.099626 -0.329575 0)
(0.0829934 0.275393 0)
(0.129316 0.445538 0)
(0.182822 0.937096 0)
(0.0586748 0.912372 0)
(-0.0366136 0.733023 0)
(-0.0693767 0.662879 0)
(-0.0958532 0.628555 0)
(-0.102424 0.566329 0)
(-0.0952108 0.509975 0)
(-0.0654833 0.460343 0)
(-0.0340469 0.416414 0)
(-0.0302951 0.387487 0)
(0.0100919 0.393965 0)
(-0.0102004 0.428929 0)
(-0.0131914 0.45272 0)
(-0.0536362 0.46925 0)
(-0.0302082 0.518055 0)
(-0.0824134 0.624794 0)
(-0.131488 0.629799 0)
(-0.190399 0.354308 0)
(-0.227804 0.0378569 0)
(-0.196371 -0.137285 0)
(-0.115147 -0.384143 0)
(-0.0925873 -0.652513 0)
(-0.129486 -0.47392 0)
(0.184737 0.0590685 0)
(0.0951174 0.279155 0)
(0.115851 0.929985 0)
(0.00536483 1.15476 0)
(-0.0612269 0.940058 0)
(-0.0913946 0.768869 0)
(-0.109165 0.66495 0)
(-0.103878 0.578309 0)
(-0.100924 0.478229 0)
(-0.0982537 0.409154 0)
(-0.0446602 0.363152 0)
(-0.0233506 0.344588 0)
(0.0221284 0.361135 0)
(0.0622751 0.404815 0)
(0.068573 0.476626 0)
(0.0397619 0.56955 0)
(0.044843 0.696141 0)
(0.00739304 0.784365 0)
(-0.0353837 0.682166 0)
(-0.054491 0.348148 0)
(-0.110365 0.0272955 0)
(-0.151626 -0.31712 0)
(-0.083404 -0.572871 0)
(-0.0299063 -0.795518 0)
(-0.076496 -0.56303 0)
(0.158467 -0.0433973 0)
(0.00265698 0.231616 0)
(0.0754251 0.912905 0)
(0.0273339 1.21539 0)
(0.0186149 1.05431 0)
(-0.0674814 0.773516 0)
(-0.0734814 0.603954 0)
(-0.072503 0.534852 0)
(-0.0512511 0.433518 0)
(-0.0689144 0.330904 0)
(-0.0333096 0.25889 0)
(0.00335975 0.24727 0)
(0.0385826 0.246643 0)
(0.086685 0.306052 0)
(0.109185 0.477149 0)
(0.107485 0.646506 0)
(0.060058 0.813502 0)
(0.0623319 0.809725 0)
(0.0660441 0.626911 0)
(0.0294839 0.31501 0)
(-0.0410107 -0.0413669 0)
(-0.0688077 -0.461737 0)
(-0.0451669 -0.675752 0)
(-0.0312537 -0.95119 0)
(-0.0282598 -0.627506 0)
(0.0931726 -0.0896422 0)
(-0.0535398 0.196147 0)
(0.03951 0.795993 0)
(0.0184638 1.17691 0)
(0.0483535 1.03713 0)
(0.01431 0.794962 0)
(0.0132507 0.536308 0)
(0.0092842 0.456988 0)
(0.0481602 0.349471 0)
(0.0701298 0.271648 0)
(0.0575455 0.225959 0)
(0.0785957 0.216094 0)
(0.0779246 0.224146 0)
(0.120944 0.31623 0)
(0.164705 0.532851 0)
(0.123465 0.754381 0)
(0.104467 0.817128 0)
(0.116549 0.764054 0)
(0.0831026 0.504635 0)
(0.128796 0.205998 0)
(-0.0138401 -0.0667637 0)
(0.0181645 -0.459589 0)
(-0.0128174 -0.68815 0)
(-0.017547 -0.974061 0)
(-0.00840551 -0.673361 0)
(0.00822702 -0.194852 0)
(-0.071645 0.168316 0)
(-0.0806822 0.737102 0)
(-0.0938222 1.0826 0)
(0.0177071 0.937794 0)
(0.0796967 0.718466 0)
(0.127064 0.444121 0)
(0.168919 0.315965 0)
(0.181978 0.203143 0)
(0.202663 0.173831 0)
(0.192463 0.177011 0)
(0.217227 0.208191 0)
(0.192131 0.26242 0)
(0.164929 0.411379 0)
(0.157545 0.664289 0)
(0.0948154 0.84731 0)
(0.111204 0.801222 0)
(0.0852142 0.662595 0)
(0.196797 0.409345 0)
(0.101225 0.247307 0)
(0.037499 -0.0453147 0)
(0.0418648 -0.437514 0)
(0.0305666 -0.654025 0)
(-0.0101884 -0.967798 0)
(0.00666966 -0.606389 0)
(-0.0466157 -0.106413 0)
(-0.0930025 0.223512 0)
(-0.103796 0.683087 0)
(-0.126081 0.946518 0)
(-0.0809068 0.714748 0)
(0.164119 0.56268 0)
(0.22365 0.41285 0)
(0.343769 0.284466 0)
(0.367632 0.226448 0)
(0.403446 0.226353 0)
(0.381248 0.259374 0)
(0.28092 0.285321 0)
(0.19021 0.389749 0)
(0.123542 0.639503 0)
(0.0822898 0.859198 0)
(0.0275014 0.845123 0)
(0.0478751 0.719529 0)
(0.1634 0.508388 0)
(0.18675 0.418961 0)
(-0.0188603 0.300859 0)
(0.112872 -0.139527 0)
(0.0319502 -0.397924 0)
(0.0413109 -0.611967 0)
(0.0121018 -0.911382 0)
(0.0292974 -0.520995 0)
(-0.0454483 -0.0342725 0)
(-0.0552005 0.244192 0)
(-0.0187108 0.641819 0)
(-0.00392448 0.945723 0)
(0.0590754 0.464378 0)
(0.193572 0.230904 0)
(0.360107 0.129977 0)
(0.457896 0.114731 0)
(0.449846 0.153839 0)
(0.35478 0.218934 0)
(0.282452 0.31836 0)
(0.135631 0.529179 0)
(-0.0104523 0.766662 0)
(-0.0699151 0.884932 0)
(-0.0798656 0.907075 0)
(-0.0180589 0.77165 0)
(0.0654196 0.572711 0)
(0.103478 0.504827 0)
(-0.0039403 0.466 0)
(-0.0164834 0.195092 0)
(0.0943815 -0.199648 0)
(0.0483169 -0.352399 0)
(0.0309815 -0.530705 0)
(0.0199486 -0.83714 0)
(0.0616991 -0.485384 0)
(-0.08931 0.0278569 0)
(-0.0369102 0.218205 0)
(-0.0710228 0.521819 0)
(0.129189 0.69364 0)
(0.300769 0.351698 0)
(0.43648 0.0142277 0)
(0.422976 -0.0116133 0)
(0.402254 0.019141 0)
(0.329033 0.116881 0)
(0.132185 0.332016 0)
(-0.0504714 0.58357 0)
(-0.164611 0.752304 0)
(-0.161356 0.819447 0)
(-0.140296 0.847766 0)
(-0.133019 0.780767 0)
(-0.0558104 0.565828 0)
(-0.0421847 0.481593 0)
(-0.0610841 0.429487 0)
(-0.0495913 0.385818 0)
(0.0701272 -0.00087012 0)
(0.0699393 -0.203695 0)
(0.0699017 -0.264919 0)
(0.0352785 -0.453343 0)
(0.0198059 -0.758114 0)
(0.0947532 -0.366002 0)
(-0.103995 0.1518 0)
(-0.0611994 0.255559 0)
(-0.136178 0.326725 0)
(0.0145911 0.296929 0)
(0.276856 0.05756 0)
(0.380361 0.019215 0)
(0.273045 0.0628518 0)
(-0.0187354 0.246248 0)
(-0.084113 0.384817 0)
(-0.173072 0.517818 0)
(-0.210301 0.654612 0)
(-0.216471 0.73272 0)
(-0.15641 0.783852 0)
(-0.111004 0.791076 0)
(-0.0919115 0.626045 0)
(-0.0382221 0.422521 0)
(-0.00374529 0.396448 0)
(0.0199982 0.277348 0)
(0.0807092 0.126763 0)
(0.137657 -0.107667 0)
(0.108744 -0.175782 0)
(0.0921292 -0.229546 0)
(0.0330253 -0.410571 0)
(0.0399913 -0.701655 0)
(0.0831855 -0.264682 0)
(-0.0525147 0.33668 0)
(-0.0995546 0.353966 0)
(-0.147808 0.345331 0)
(0.00114486 0.235027 0)
(0.0780509 0.17504 0)
(-0.130424 0.194343 0)
(-0.21737 0.246303 0)
(-0.282431 0.313825 0)
(-0.281029 0.384869 0)
(-0.298633 0.48192 0)
(-0.286344 0.560142 0)
(-0.204477 0.600066 0)
(-0.101962 0.589334 0)
(0.0154568 0.562593 0)
(0.104744 0.419933 0)
(0.113871 0.29179 0)
(0.114072 0.253422 0)
(0.144195 0.207784 0)
(0.137859 0.13119 0)
(0.179822 0.0103463 0)
(0.154117 -0.0125473 0)
(0.111143 -0.0821216 0)
(0.0452644 -0.277637 0)
(0.0322329 -0.578898 0)
(0.0587524 -0.204294 0)
(-0.0217904 0.535616 0)
(-0.0759713 0.560311 0)
(-0.0924362 0.477343 0)
(-0.0858707 0.335762 0)
(-0.222658 0.349394 0)
(-0.324933 0.382547 0)
(-0.372756 0.375995 0)
(-0.393928 0.392573 0)
(-0.403701 0.422262 0)
(-0.382142 0.48022 0)
(-0.330672 0.522744 0)
(-0.230309 0.531101 0)
(-0.106644 0.484111 0)
(0.0327251 0.428938 0)
(0.111603 0.400133 0)
(0.122368 0.377773 0)
(0.118555 0.363892 0)
(0.148874 0.320774 0)
(0.104056 0.262003 0)
(0.143294 0.132499 0)
(0.0727229 0.0733983 0)
(0.0822665 -0.029979 0)
(0.0216526 -0.216217 0)
(0.0338216 -0.49864 0)
(-0.0234396 -0.231193 0)
(0.0373678 0.582834 0)
(-0.017698 0.648052 0)
(0.0448454 0.683503 0)
(-0.0308462 0.625434 0)
(-0.121979 0.533731 0)
(-0.230161 0.47568 0)
(-0.282096 0.43059 0)
(-0.328778 0.427814 0)
(-0.353656 0.439371 0)
(-0.356971 0.45729 0)
(-0.333592 0.467845 0)
(-0.276499 0.433591 0)
(-0.206096 0.395726 0)
(-0.166571 0.380191 0)
(-0.122135 0.384489 0)
(-0.0749418 0.390556 0)
(-0.0191717 0.370048 0)
(0.0508939 0.338859 0)
(0.0781517 0.240278 0)
(0.107177 0.144706 0)
(0.0414861 0.0862876 0)
(0.0797925 -0.00775321 0)
(0.0192869 -0.169527 0)
(0.0241504 -0.438638 0)
(-0.081061 -0.281677 0)
(0.0680263 0.501908 0)
(0.00761151 0.592481 0)
(0.11237 0.650602 0)
(0.120222 0.692767 0)
(0.076381 0.640735 0)
(0.0435646 0.592202 0)
(-0.00704673 0.519488 0)
(-0.0529055 0.457091 0)
(-0.0945998 0.415788 0)
(-0.109221 0.39738 0)
(-0.128647 0.382119 0)
(-0.15085 0.343108 0)
(-0.165905 0.323666 0)
(-0.159186 0.272493 0)
(-0.178405 0.212053 0)
(-0.152347 0.200932 0)
(-0.106738 0.206092 0)
(-0.0409545 0.220547 0)
(0.0292831 0.205538 0)
(0.0480035 0.170426 0)
(0.0216452 0.0979804 0)
(0.0605892 0.00452084 0)
(0.0197604 -0.108866 0)
(0.0191903 -0.35583 0)
(-0.168087 -0.222241 0)
(0.124255 0.373472 0)
(0.100922 0.562734 0)
(0.107066 0.553002 0)
(0.111518 0.647912 0)
(0.121255 0.593008 0)
(0.177971 0.534942 0)
(0.173158 0.49479 0)
(0.175518 0.46665 0)
(0.151385 0.450839 0)
(0.136686 0.434342 0)
(0.129877 0.421327 0)
(0.0888619 0.370709 0)
(0.0677146 0.343116 0)
(0.0451249 0.33121 0)
(-0.0354312 0.248082 0)
(-0.0677769 0.185143 0)
(-0.0624212 0.124639 0)
(-0.0358642 0.106767 0)
(-0.0183848 0.117101 0)
(-0.00722449 0.113201 0)
(0.0091117 0.0698647 0)
(0.0190983 0.0258889 0)
(0.010464 -0.0583469 0)
(0.0124889 -0.292181 0)
(-0.101489 -0.158783 0)
(0.0941319 0.222708 0)
(0.223795 0.679517 0)
(0.0859099 0.638079 0)
(0.118747 0.618448 0)
(0.0947352 0.50543 0)
(0.166015 0.504795 0)
(0.154554 0.506781 0)
(0.180343 0.482475 0)
(0.188773 0.466304 0)
(0.183248 0.43866 0)
(0.195555 0.42226 0)
(0.18703 0.398796 0)
(0.172307 0.357477 0)
(0.188553 0.322775 0)
(0.179164 0.315358 0)
(0.138888 0.257457 0)
(0.0555977 0.157168 0)
(0.0334133 0.116259 0)
(0.045675 0.0960564 0)
(0.045597 0.0768809 0)
(0.0460825 0.0482323 0)
(0.0308541 0.0298896 0)
(0.0150448 -0.0266301 0)
(0.0107973 -0.263822 0)
(0.109591 -0.242822 0)
(-0.0345656 -0.0552707 0)
(0.219224 0.577897 0)
(0.172744 0.726031 0)
(0.176021 0.632936 0)
(0.0997307 0.512431 0)
(0.0647615 0.453942 0)
(0.0774694 0.456494 0)
(0.113461 0.447621 0)
(0.140381 0.447794 0)
(0.148106 0.424762 0)
(0.178683 0.409128 0)
(0.188975 0.390282 0)
(0.198496 0.336553 0)
(0.215609 0.293902 0)
(0.216578 0.292526 0)
(0.21657 0.289171 0)
(0.195731 0.242661 0)
(0.153341 0.183659 0)
(0.116212 0.165992 0)
(0.0869091 0.135945 0)
(0.0703859 0.108181 0)
(0.0480584 0.0857186 0)
(0.0211139 0.0218787 0)
(0.00519211 -0.225222 0)
(0.178603 -0.278265 0)
(-0.106461 -0.0909177 0)
(0.146275 0.381655 0)
(0.290084 0.658313 0)
(0.306093 0.715942 0)
(0.256461 0.620428 0)
(0.13089 0.506253 0)
(0.0691344 0.46424 0)
(0.0333927 0.376227 0)
(0.0842164 0.39668 0)
(0.110246 0.38841 0)
(0.153541 0.373591 0)
(0.179875 0.364521 0)
(0.191288 0.333081 0)
(0.196534 0.309778 0)
(0.188151 0.312461 0)
(0.185766 0.312039 0)
(0.175564 0.288461 0)
(0.156038 0.279805 0)
(0.112074 0.270078 0)
(0.088611 0.219895 0)
(0.0674079 0.183114 0)
(0.0471247 0.169935 0)
(0.0194921 0.122769 0)
(-0.00285402 -0.170739 0)
(0.0941155 -0.259626 0)
(-0.0234933 -0.0152202 0)
(0.071703 0.0752687 0)
(0.294711 0.411006 0)
(0.393775 0.677173 0)
(0.382177 0.820832 0)
(0.311991 0.785725 0)
(0.153294 0.5849 0)
(0.0581871 0.445413 0)
(0.019897 0.340989 0)
(0.0598109 0.30556 0)
(0.0799765 0.30064 0)
(0.0975052 0.317296 0)
(0.107351 0.330964 0)
(0.106836 0.335844 0)
(0.0963823 0.349838 0)
(0.0898661 0.351248 0)
(0.0980146 0.34323 0)
(0.0924582 0.336779 0)
(0.0861809 0.311847 0)
(0.0814255 0.254263 0)
(0.058156 0.23788 0)
(0.0359749 0.226852 0)
(0.014445 0.167141 0)
(-0.00998266 -0.15107 0)
(0.0112834 -0.313363 0)
(0.0715993 -0.126529 0)
(0.13804 0.0596103 0)
(0.208352 0.198328 0)
(0.33543 0.556612 0)
(0.367526 0.817105 0)
(0.331963 0.925083 0)
(0.288716 0.86626 0)
(0.119516 0.613272 0)
(0.0213305 0.409556 0)
(0.00288115 0.321486 0)
(-0.00184527 0.327894 0)
(-0.0200352 0.336838 0)
(-0.0176014 0.318454 0)
(-0.0123875 0.322313 0)
(-0.00711572 0.34405 0)
(0.00582193 0.334679 0)
(0.0431185 0.313189 0)
(0.0610771 0.308512 0)
(0.0816515 0.299416 0)
(0.0762299 0.276897 0)
(0.0530371 0.288962 0)
(0.0227383 0.294844 0)
(0.0156083 0.231894 0)
(-0.0114399 -0.132471 0)
(0.0134529 -0.347688 0)
(0.079025 -0.225853 0)
(0.193419 -0.0825656 0)
(0.185346 0.19832 0)
(0.198066 0.430484 0)
(0.261748 0.752074 0)
(0.2655 0.935787 0)
(0.253947 0.968376 0)
(0.197651 0.887118 0)
(0.0569221 0.596265 0)
(-0.00727763 0.389971 0)
(0.00647102 0.367941 0)
(-0.019417 0.366703 0)
(-0.0491864 0.339547 0)
(-0.0609269 0.313277 0)
(-0.0537495 0.290211 0)
(-0.00291402 0.274253 0)
(0.0212483 0.244181 0)
(0.0615173 0.247987 0)
(0.0646929 0.281769 0)
(0.0650348 0.319014 0)
(0.0397922 0.357081 0)
(0.0147324 0.337644 0)
(0.0130117 0.248252 0)
(-0.00522624 -0.12207 0)
(0.0174861 -0.582804 0)
(0.101267 -0.447083 0)
(0.153078 -0.307123 0)
(0.138352 0.0765649 0)
(0.0169229 0.375656 0)
(0.0635127 0.63493 0)
(0.117076 0.884902 0)
(0.109839 0.971737 0)
(0.106707 0.911321 0)
(0.0204431 0.765901 0)
(0.0190239 0.564596 0)
(0.0332211 0.497217 0)
(-0.0104522 0.467609 0)
(-0.0386365 0.407411 0)
(-0.0599213 0.295918 0)
(-0.0357757 0.223158 0)
(0.00377389 0.200356 0)
(0.025912 0.195859 0)
(0.0468245 0.220486 0)
(0.0547925 0.29274 0)
(0.024556 0.353807 0)
(0.0115634 0.379676 0)
(0.022681 0.366547 0)
(-0.00387461 0.282119 0)
(0.00984657 -0.118877 0)
(-0.0154485 -0.646497 0)
(0.0619399 -0.522591 0)
(0.0298834 -0.388703 0)
(0.0153697 0.0468793 0)
(-0.167824 0.313491 0)
(-0.0596589 0.46941 0)
(-0.0297625 0.73582 0)
(0.0149087 0.929575 0)
(0.00302068 0.948068 0)
(-0.0594943 0.80347 0)
(-0.0214168 0.608683 0)
(-0.00260312 0.537231 0)
(-0.021117 0.522042 0)
(-0.0274971 0.411276 0)
(-0.0342818 0.260393 0)
(0.0203943 0.153033 0)
(0.026644 0.142869 0)
(0.0618593 0.160265 0)
(0.0380121 0.227009 0)
(0.0142235 0.339477 0)
(-0.0287879 0.426888 0)
(0.00376108 0.356778 0)
(0.0124013 0.365546 0)
(-0.0148726 0.294815 0)
(0.0121691 -0.12912 0)
(-0.00837725 -0.646993 0)
(0.0303243 -0.494813 0)
(-0.056148 -0.34333 0)
(0.0247167 0.179262 0)
(-0.116245 0.391012 0)
(-0.141089 0.36748 0)
(-0.00977432 0.554635 0)
(-0.0506905 0.842692 0)
(-0.0584951 0.936035 0)
(-0.126521 0.836338 0)
(-0.0616442 0.679534 0)
(-0.0381944 0.586149 0)
(-0.0563979 0.527771 0)
(-0.0310636 0.38849 0)
(0.0137392 0.201387 0)
(0.0384745 0.120632 0)
(0.0499893 0.121272 0)
(0.049417 0.171544 0)
(0.0108466 0.296391 0)
(-0.0597035 0.438302 0)
(-0.0593196 0.411948 0)
(-0.0370405 0.306178 0)
(-0.000567594 0.351611 0)
(-0.0145671 0.304825 0)
(0.00569453 -0.127327 0)
(-0.00175474 -0.632184 0)
(-0.0167561 -0.491808 0)
(-0.0339384 -0.393575 0)
(0.00660426 0.0201117 0)
(0.00459421 0.394683 0)
(-0.0782881 0.324231 0)
(-0.0757814 0.537292 0)
(-0.192919 0.876977 0)
(-0.213285 0.945702 0)
(-0.226764 0.860683 0)
(-0.131272 0.728648 0)
(-0.0816488 0.605627 0)
(-0.111472 0.506008 0)
(-0.0348215 0.317314 0)
(-0.00210775 0.152294 0)
(0.00985953 0.0973508 0)
(0.0183181 0.0927687 0)
(0.0012309 0.230642 0)
(-0.0569869 0.400433 0)
(-0.0518154 0.446686 0)
(-0.0524795 0.394719 0)
(-0.0520397 0.245992 0)
(-0.00898284 0.31004 0)
(-0.00936986 0.286268 0)
(-0.0120188 -0.15093 0)
(-0.00124509 -0.580516 0)
(-0.0508386 -0.41997 0)
(-0.0574098 -0.317123 0)
(-0.0807306 -0.0281494 0)
(-0.0188234 0.319458 0)
(-0.0500477 0.355009 0)
(-0.18666 0.606264 0)
(-0.228665 0.86669 0)
(-0.235455 0.918083 0)
(-0.228263 0.860398 0)
(-0.15448 0.705207 0)
(-0.14404 0.59085 0)
(-0.144805 0.451652 0)
(-0.064383 0.261286 0)
(-0.0814582 0.171595 0)
(-0.052395 0.124168 0)
(-0.079759 0.112212 0)
(-0.0406262 0.247633 0)
(-0.0418178 0.394852 0)
(-0.0307752 0.433291 0)
(-0.0254287 0.370634 0)
(-0.0530538 0.230166 0)
(-0.035095 0.271946 0)
(0.0150094 0.276405 0)
(-0.0448812 -0.16052 0)
(0.0240896 -0.513333 0)
(-0.0863335 -0.367498 0)
(-0.0688123 -0.244121 0)
(-0.0890785 -0.0317175 0)
(-0.0793237 0.297982 0)
(-0.0563717 0.500362 0)
(-0.161074 0.715071 0)
(-0.180122 0.877156 0)
(-0.173559 0.920054 0)
(-0.171918 0.866964 0)
(-0.128901 0.69887 0)
(-0.148239 0.54928 0)
(-0.150545 0.380671 0)
(-0.103008 0.22971 0)
(-0.141783 0.152239 0)
(-0.110652 0.0932229 0)
(-0.125519 0.0795343 0)
(-0.0618407 0.205492 0)
(-0.0268184 0.366537 0)
(0.00436284 0.417029 0)
(0.026955 0.394564 0)
(-0.041 0.243698 0)
(-0.0189685 0.207076 0)
(0.0171521 0.242314 0)
(-0.0627274 -0.176441 0)
(-0.00469549 -0.417746 0)
(-0.0682657 -0.25485 0)
(-0.0446811 -0.0716016 0)
(-0.134864 0.119087 0)
(-0.056723 0.314636 0)
(0.0246377 0.540308 0)
(-0.0355549 0.736661 0)
(-0.0261421 0.869366 0)
(-0.00338725 0.893001 0)
(-0.0280542 0.844498 0)
(-0.0501085 0.624275 0)
(-0.108064 0.461067 0)
(-0.101965 0.336476 0)
(-0.12582 0.239797 0)
(-0.145465 0.136284 0)
(-0.133991 0.0647587 0)
(-0.119506 0.0500433 0)
(-0.0944102 0.094431 0)
(-0.0381739 0.265869 0)
(-0.00181084 0.369962 0)
(0.0191126 0.386683 0)
(-0.0132707 0.296248 0)
(-0.00503545 0.221029 0)
(-0.00360394 0.230115 0)
(-0.00387831 -0.193514 0)
(-0.00124815 -0.396263 0)
(0.000659186 -0.217313 0)
(-0.0149599 -0.0227759 0)
(-0.103082 0.153274 0)
(-0.00881352 0.316591 0)
(0.00697105 0.54472 0)
(0.0683759 0.790587 0)
(0.0881708 0.875543 0)
(0.131051 0.8854 0)
(0.153055 0.843528 0)
(0.102832 0.667216 0)
(0.0100483 0.457964 0)
(-0.00472595 0.35735 0)
(-0.0704871 0.266542 0)
(-0.075944 0.162638 0)
(-0.134987 0.10004 0)
(-0.169857 0.0541053 0)
(-0.207495 0.0299362 0)
(-0.138875 0.161513 0)
(-0.0741671 0.297873 0)
(-0.0528094 0.349883 0)
(-0.0572178 0.283572 0)
(-0.0475208 0.28319 0)
(-0.0837696 0.21918 0)
(0.119373 -0.13034 0)
(0.0140292 -0.407655 0)
(0.0281799 -0.202569 0)
(0.0157554 0.0550778 0)
(-0.0407486 0.262239 0)
(-0.04835 0.338458 0)
(0.00184659 0.510997 0)
(0.107529 0.744421 0)
(0.13474 0.815296 0)
(0.180758 0.807629 0)
(0.216659 0.768895 0)
(0.242042 0.668272 0)
(0.178217 0.522521 0)
(0.145086 0.398864 0)
(0.111679 0.303903 0)
(0.0873781 0.258368 0)
(-0.0130921 0.160195 0)
(-0.123084 0.0292317 0)
(-0.154503 -0.0349541 0)
(-0.115384 0.0116656 0)
(-0.0448117 0.209472 0)
(-0.0254027 0.339661 0)
(-0.0205712 0.324028 0)
(-0.0782689 0.347256 0)
(-0.151594 0.0851155 0)
(0.161857 -0.159066 0)
(-0.00079583 -0.510744 0)
(0.0367659 -0.322731 0)
(0.00436837 -0.0601892 0)
(-0.00162217 0.217638 0)
(-0.042506 0.298305 0)
(-0.0209705 0.3821 0)
(0.0390537 0.623276 0)
(0.0572121 0.767531 0)
(0.109408 0.757204 0)
(0.163441 0.718129 0)
(0.212964 0.624803 0)
(0.223163 0.512125 0)
(0.224942 0.398333 0)
(0.209707 0.283173 0)
(0.199997 0.249508 0)
(0.179774 0.249769 0)
(0.1404 0.204056 0)
(0.0621226 0.173019 0)
(-0.0350832 0.128112 0)
(0.0651027 0.207725 0)
(0.0774832 0.365649 0)
(0.105103 0.406896 0)
(0.0139424 0.418387 0)
(-0.0534702 0.0236424 0)
(-0.0254968 -0.179775 0)
(-0.0197414 -0.523111 0)
(-0.0151767 -0.382117 0)
(-0.0652401 -0.152882 0)
(-0.131157 0.0127455 0)
(-0.127327 0.158798 0)
(-0.207669 0.304087 0)
(-0.214544 0.502758 0)
(-0.156959 0.613397 0)
(-0.0441714 0.605997 0)
(0.0694555 0.56978 0)
(0.175682 0.52382 0)
(0.234886 0.458995 0)
(0.293526 0.368076 0)
(0.315869 0.310514 0)
(0.320004 0.282308 0)
(0.320285 0.23218 0)
(0.310034 0.209118 0)
(0.285357 0.216183 0)
(0.18124 0.239452 0)
(0.154706 0.327359 0)
(0.104107 0.460736 0)
(0.127681 0.596384 0)
(0.0510406 0.550831 0)
(0.0306224 0.0289253 0)
(-0.149458 -0.312758 0)
(-0.0571538 -0.224533 0)
(-0.103833 -0.0821527 0)
(-0.0510103 0.0584673 0)
(-0.181429 0.178163 0)
(-0.229988 0.241476 0)
(-0.291735 0.279832 0)
(-0.283538 0.350373 0)
(-0.186892 0.40339 0)
(-0.0594935 0.366249 0)
(0.0451803 0.36991 0)
(0.172757 0.36527 0)
(0.244939 0.345462 0)
(0.323222 0.290138 0)
(0.36125 0.24977 0)
(0.363276 0.249649 0)
(0.34094 0.248581 0)
(0.310182 0.260333 0)
(0.285814 0.318668 0)
(0.195601 0.379669 0)
(0.121694 0.463151 0)
(0.0237203 0.587949 0)
(0.00940268 0.674559 0)
(0.00861108 0.515413 0)
(0.105533 0.0412871 0)
(-0.140579 -0.275062 0)
(-0.00876215 -0.107407 0)
(-0.0431207 0.164546 0)
(-0.020213 0.373575 0)
(-0.0400042 0.390338 0)
(-0.176577 0.366413 0)
(-0.231296 0.369062 0)
(-0.235105 0.376687 0)
(-0.167183 0.327083 0)
(-0.0749037 0.290792 0)
(0.00657539 0.294359 0)
(0.111368 0.279913 0)
(0.195217 0.271733 0)
(0.254655 0.249068 0)
(0.278169 0.250767 0)
(0.274064 0.283095 0)
(0.214829 0.321707 0)
(0.165297 0.378281 0)
(0.0980425 0.427816 0)
(0.0576529 0.47275 0)
(-0.0354664 0.552169 0)
(-0.119782 0.680849 0)
(-0.136409 0.742336 0)
(-0.085715 0.395962 0)
(0.168009 0.105932 0)
(-0.0908044 -0.0903563 0)
(0.00751634 -0.107811 0)
(0.0261208 0.105356 0)
(0.0155522 0.429857 0)
(0.029345 0.598991 0)
(-0.0304323 0.606508 0)
(-0.108105 0.425044 0)
(-0.148714 0.310853 0)
(-0.153614 0.249443 0)
(-0.111718 0.166168 0)
(-0.029903 0.13086 0)
(0.052302 0.140123 0)
(0.12806 0.161011 0)
(0.151882 0.196802 0)
(0.162078 0.232077 0)
(0.139486 0.336437 0)
(0.0828776 0.407984 0)
(0.0467674 0.422546 0)
(0.0174912 0.482975 0)
(-0.0207265 0.574779 0)
(-0.118092 0.710429 0)
(-0.169671 0.79938 0)
(-0.172639 0.65219 0)
(-0.11318 0.163768 0)
(0.0740119 0.0678705 0)
(-0.032643 -0.0496032 0)
(-0.00467146 -0.196429 0)
(0.0451271 0.0354147 0)
(-0.00981724 0.395284 0)
(0.00606257 0.570846 0)
(0.0515557 0.578723 0)
(0.0396863 0.49984 0)
(-0.00620084 0.334399 0)
(-0.0336259 0.149798 0)
(-0.0316543 0.0154754 0)
(0.0455227 -0.0230972 0)
(0.113372 0.0174697 0)
(0.129284 0.0963977 0)
(0.126463 0.210909 0)
(0.0852588 0.289155 0)
(0.0550623 0.410565 0)
(0.0195341 0.512649 0)
(-0.0181692 0.504224 0)
(-0.0149237 0.548821 0)
(-0.0923979 0.680424 0)
(-0.14648 0.781489 0)
(-0.18875 0.793219 0)
(-0.0995924 0.524549 0)
(-0.0040145 0.123256 0)
(-0.12727 0.0341329 0)
(0.0807081 -0.1467 0)
(-0.00076019 -0.220549 0)
(-0.013215 0.0105428 0)
(-0.0298836 0.380443 0)
(-0.0549821 0.471697 0)
(0.0210394 0.514742 0)
(0.0386774 0.436949 0)
(0.060202 0.289638 0)
(0.0838186 0.126877 0)
(0.127805 -0.0266268 0)
(0.137739 -0.0859074 0)
(0.154206 -0.0472625 0)
(0.132975 0.0591954 0)
(0.0577565 0.224334 0)
(-0.0213538 0.339879 0)
(-0.0332973 0.439851 0)
(-0.0337095 0.523317 0)
(-0.0384002 0.538151 0)
(-0.0543147 0.675268 0)
(-0.130406 0.822794 0)
(-0.140645 0.850869 0)
(-0.186935 0.754907 0)
(-0.0941667 0.359312 0)
(0.000341583 0.118548 0)
(-0.0837424 0.0538106 0)
(-0.0108504 -0.170567 0)
(0.00485081 -0.12704 0)
(-0.0652925 0.0601908 0)
(-0.0073192 0.379985 0)
(-0.044286 0.46143 0)
(-0.019585 0.403637 0)
(0.0148553 0.386601 0)
(0.0394496 0.267879 0)
(0.0689075 0.0881942 0)
(0.0927399 -0.0355481 0)
(0.121513 -0.0924899 0)
(0.0744564 -0.0575202 0)
(0.00203815 0.0792308 0)
(-0.0688985 0.280327 0)
(-0.0846886 0.331054 0)
(-0.0574481 0.394378 0)
(-0.046738 0.495183 0)
(-0.0569556 0.589143 0)
(-0.0488666 0.762575 0)
(-0.0837662 0.837151 0)
(-0.0362952 0.864824 0)
(-0.0872404 0.649347 0)
(-0.0930859 0.196317 0)
(-0.113837 0.0629803 0)
(-0.00634958 -0.0393083 0)
(-0.0939062 -0.248063 0)
(0.027026 -0.0449289 0)
(-0.0796617 0.10423 0)
(0.0481566 0.393231 0)
(-0.00985512 0.510459 0)
(-0.0512572 0.422027 0)
(-0.0186494 0.342818 0)
(-0.0211694 0.232334 0)
(0.0294272 0.124964 0)
(0.014583 0.0700108 0)
(-0.0550495 0.0357735 0)
(-0.107019 0.0359347 0)
(-0.139789 0.132879 0)
(-0.127426 0.231361 0)
(-0.0955142 0.249451 0)
(-0.0786527 0.289923 0)
(-0.0537554 0.444587 0)
(-0.0623488 0.568098 0)
(-0.0301118 0.713906 0)
(-0.0125989 0.789553 0)
(0.0365551 0.796701 0)
(0.0558399 0.599649 0)
(0.0385447 0.174216 0)
(-0.0856235 -0.0928018 0)
(0.0290259 -0.182754 0)
(-0.0410914 -0.319952 0)
(-0.00349083 -0.0217508 0)
(-0.0159245 0.100502 0)
(0.0344982 0.382244 0)
(0.0297407 0.644911 0)
(-0.0726894 0.479895 0)
(-0.0526846 0.355177 0)
(-0.0700315 0.256062 0)
(-0.0668595 0.189971 0)
(-0.117863 0.161359 0)
(-0.179612 0.09919 0)
(-0.211369 0.0868543 0)
(-0.215556 0.118227 0)
(-0.177735 0.203563 0)
(-0.133124 0.227237 0)
(-0.134022 0.267812 0)
(-0.100864 0.387906 0)
(-0.0866887 0.513985 0)
(-0.0417419 0.628328 0)
(0.0193697 0.680555 0)
(0.0710356 0.67808 0)
(0.0698951 0.464672 0)
(0.11105 0.244453 0)
(0.038762 0.135977 0)
(-0.00618444 -0.0741662 0)
(-0.0111672 -0.29923 0)
(-0.00883044 -0.0159959 0)
(0.0644642 0.0949305 0)
(0.0171104 0.37312 0)
(0.0470784 0.764826 0)
(-0.0441168 0.64005 0)
(-0.0764224 0.409611 0)
(-0.11031 0.312174 0)
(-0.145673 0.274772 0)
(-0.151255 0.253988 0)
(-0.17977 0.188627 0)
(-0.224372 0.128936 0)
(-0.244101 0.115674 0)
(-0.23125 0.129625 0)
(-0.181473 0.198005 0)
(-0.161137 0.233946 0)
(-0.07742 0.323917 0)
(-0.0167313 0.436184 0)
(0.0600125 0.512343 0)
(0.143579 0.574979 0)
(0.199178 0.574293 0)
(0.187832 0.441358 0)
(0.173177 0.232049 0)
(0.102517 0.0830313 0)
(0.00562395 -0.157521 0)
(0.0137379 -0.348099 0)
(-0.00209802 -0.126714 0)
(0.0579357 0.00341209 0)
(-0.00393709 0.30359 0)
(0.0129365 0.749648 0)
(0.00636471 0.717602 0)
(-0.0473581 0.491794 0)
(-0.0940097 0.314532 0)
(-0.120948 0.241443 0)
(-0.117316 0.222363 0)
(-0.0950772 0.249163 0)
(-0.143263 0.21708 0)
(-0.186579 0.146907 0)
(-0.186906 0.129444 0)
(-0.172615 0.132459 0)
(-0.141689 0.209054 0)
(-0.065028 0.288772 0)
(0.0109694 0.374736 0)
(0.107316 0.435624 0)
(0.205873 0.489364 0)
(0.241668 0.490961 0)
(0.261295 0.418904 0)
(0.208797 0.301695 0)
(0.14754 0.189503 0)
(0.052205 -0.0227262 0)
(-0.000226005 -0.20319 0)
(0.0149858 -0.11323 0)
(-0.0251609 -0.0172732 0)
(-0.0675066 0.234318 0)
(-0.0247121 0.61655 0)
(0.0346177 0.675542 0)
(0.0404307 0.495464 0)
(0.0301441 0.317745 0)
(-0.00145274 0.227923 0)
(-0.0079058 0.168486 0)
(0.00881478 0.178744 0)
(0.0142094 0.184652 0)
(0.0109365 0.183289 0)
(-0.0504834 0.143603 0)
(-0.0687759 0.102511 0)
(-0.0492016 0.084267 0)
(-0.0205119 0.145011 0)
(0.0207946 0.212318 0)
(0.103694 0.264198 0)
(0.124572 0.403862 0)
(0.118797 0.472333 0)
(0.135576 0.426056 0)
(0.102809 0.409622 0)
(0.090979 0.367401 0)
(0.0439372 0.239235 0)
(0.0228147 0.109459 0)
(0.000729784 -0.0150522 0)
(-0.06967 0.0854803 0)
(-0.101667 0.236864 0)
(-0.0786541 0.451445 0)
(0.0279657 0.538601 0)
(0.0720736 0.429777 0)
(0.0970121 0.304859 0)
(0.0832798 0.254486 0)
(0.0646138 0.230094 0)
(0.0526706 0.229286 0)
(0.0521812 0.222326 0)
(0.0524684 0.223521 0)
(0.028205 0.222374 0)
(-0.0120505 0.147458 0)
(-0.0247418 0.0926673 0)
(-0.0360528 0.0788476 0)
(-0.0034036 0.0951646 0)
(-0.0104874 0.166043 0)
(-0.0235465 0.334683 0)
(-0.0254866 0.420683 0)
(0.0140892 0.439067 0)
(0.00318077 0.423386 0)
(0.0406603 0.400135 0)
(0.0220917 0.267533 0)
(0.00419795 0.0769291 0)
(-0.0556798 0.221124 0)
(-0.111416 0.244073 0)
(-0.113138 0.29068 0)
(-0.084981 0.366281 0)
(0.0340627 0.390914 0)
(0.112319 0.349694 0)
(0.153546 0.285598 0)
(0.155711 0.257537 0)
(0.172464 0.234024 0)
(0.165254 0.227225 0)
(0.160556 0.229587 0)
(0.150373 0.232914 0)
(0.150369 0.243911 0)
(0.119925 0.267488 0)
(0.042383 0.237492 0)
(-0.0164234 0.217229 0)
(-0.057532 0.232229 0)
(-0.118922 0.271383 0)
(-0.118183 0.310308 0)
(-0.0826988 0.370053 0)
(-0.024234 0.379997 0)
(0.013069 0.377998 0)
(0.0649385 0.363736 0)
(0.0726979 0.330489 0)
(0.0372599 0.271168 0)
(-0.0227592 0.166587 0)
(-0.045109 0.162179 0)
(-0.057107 0.214093 0)
(-0.0355015 0.22262 0)
(0.00610955 0.217134 0)
(0.0318206 0.204924 0)
(0.0588701 0.187467 0)
(0.0567559 0.163217 0)
(0.0643046 0.126832 0)
(0.051835 0.11628 0)
(0.0491894 0.108254 0)
(0.0365407 0.106943 0)
(0.0338923 0.116717 0)
(0.0233242 0.152776 0)
(0.0192095 0.180815 0)
(-0.00187597 0.192335 0)
(-0.0265211 0.195875 0)
(-0.0372467 0.196655 0)
(-0.0502362 0.192021 0)
(-0.0304718 0.185786 0)
(-0.0135897 0.212906 0)
(0.00755532 0.221834 0)
(0.023687 0.239275 0)
(0.0393698 0.249142 0)
(0.0219197 0.218769 0)
(-0.000889062 0.0372328 0)
(-0.0109179 0.0361254 0)
(-0.0118703 0.00876492 0)
(-0.000399272 -0.000965297 0)
(0.00476532 0.00485894 0)
(0.0201189 -0.00846372 0)
(0.023538 -0.0184024 0)
(0.0329939 -0.0161307 0)
(0.0271365 -0.011824 0)
(0.0191704 -0.00626783 0)
(0.00721846 -0.00269044 0)
(-0.00380106 0.000204209 0)
(-0.0155682 0.0075794 0)
(-0.0166443 0.00969329 0)
(-0.0144695 -0.0106955 0)
(-0.017289 -0.00276448 0)
(-0.0203945 0.000486899 0)
(-0.0203629 0.0173321 0)
(-0.0173736 0.0131108 0)
(-0.0210876 0.0247896 0)
(-0.0200303 0.027252 0)
(-0.0163761 0.0280907 0)
(-0.0184973 0.0168725 0)
(-0.00814656 0.0214623 0)
(-0.00635894 0.0515029 0)
(0.00263785 0.105431 0)
(0.00784603 0.0774799 0)
(0.012794 0.0476885 0)
(0.0100005 0.0337762 0)
(0.00998213 0.0151447 0)
(0.013375 0.014538 0)
(0.01064 0.0243762 0)
(0.0108938 0.0333939 0)
(0.00708949 0.0599289 0)
(0.0063219 0.0752113 0)
(0.00352056 0.0902293 0)
(0.00303961 0.0930398 0)
(-0.000739618 0.0936394 0)
(0.00113638 0.102865 0)
(-0.0014072 0.129181 0)
(-0.00470629 0.142469 0)
(-0.00826279 0.13966 0)
(-0.00959612 0.119403 0)
(-0.00811088 0.102042 0)
(-0.0136462 0.0818668 0)
(-0.0104404 0.0797099 0)
(-0.0111963 0.0954558 0)
(-0.00904115 0.0998635 0)
(-0.00818974 0.111696 0)
(-0.00420239 0.0874926 0)
(0.00832122 0.0294026 0)
(0.0163569 0.0257081 0)
(0.0156461 0.0162097 0)
(0.0138831 0.0138027 0)
(0.00941427 0.00252724 0)
(9.23742e-05 -0.00317251 0)
(-0.00794842 -0.0030951 0)
(-0.0156632 0.00393349 0)
(-0.0202418 0.0137601 0)
(-0.0213532 0.0180685 0)
(-0.0213409 0.0215884 0)
(-0.0191931 0.0235439 0)
(-0.0195375 0.0252773 0)
(-0.0218451 0.0213986 0)
(-0.0223475 0.020223 0)
(-0.0169932 0.0275293 0)
(-0.0112268 0.0304899 0)
(-0.00801043 0.0289567 0)
(-0.0073384 0.0375701 0)
(-0.00492998 0.0398616 0)
(-0.00748991 0.0345227 0)
(-0.004897 0.0354485 0)
(-0.00389305 0.0275279 0)
(-0.00547738 0.0284404 0)
(-0.000114832 0.0422311 0)
(0.00323697 0.0418529 0)
(0.00693436 0.0541668 0)
(0.00533842 0.0458649 0)
(0.00464955 0.040595 0)
(0.00332081 0.0409023 0)
(-0.00143932 0.047033 0)
(-0.00665501 0.0519916 0)
(-0.0122429 0.0551032 0)
(-0.0151883 0.0621665 0)
(-0.0153335 0.069971 0)
(-0.0145141 0.075572 0)
(-0.0129823 0.0810442 0)
(-0.0122081 0.0901706 0)
(-0.0110202 0.102835 0)
(-0.0135107 0.108334 0)
(-0.0158171 0.109475 0)
(-0.0162267 0.109277 0)
(-0.0163757 0.102745 0)
(-0.0156424 0.0863168 0)
(-0.0130092 0.0736925 0)
(-0.0104344 0.0721 0)
(-0.00722615 0.0774299 0)
(-0.00555619 0.0914663 0)
(-0.00665705 0.0914474 0)
(-0.00388641 0.0642169 0)
(-0.000204964 0.0122315 0)
(-0.000228595 0.027382 0)
(-0.00242514 0.0268567 0)
(-0.00541226 0.0237125 0)
(-0.00911667 0.022152 0)
(-0.0132311 0.0244865 0)
(-0.0180855 0.0270152 0)
(-0.0230586 0.0292667 0)
(-0.0276128 0.0271902 0)
(-0.0307595 0.0236217 0)
(-0.0320236 0.0236937 0)
(-0.0338763 0.0249443 0)
(-0.0342174 0.0288376 0)
(-0.0335568 0.0313019 0)
(-0.030145 0.0383379 0)
(-0.025123 0.0410185 0)
(-0.0191966 0.0391962 0)
(-0.0134511 0.0351858 0)
(-0.00825613 0.0375324 0)
(-0.00659678 0.0355623 0)
(-0.00566839 0.0288518 0)
(-0.00426853 0.0328891 0)
(-0.00309202 0.0334201 0)
(-0.00129145 0.0336145 0)
(-0.000383509 0.026633 0)
(0.000388305 0.0381359 0)
(0.000140119 0.0543182 0)
(-0.00175165 0.0522751 0)
(-0.00495678 0.0506859 0)
(-0.00896256 0.0529871 0)
(-0.012648 0.0619988 0)
(-0.0161942 0.0682708 0)
(-0.0195339 0.0709862 0)
(-0.0214304 0.0734389 0)
(-0.0230337 0.0738665 0)
(-0.0240072 0.0763829 0)
(-0.0229048 0.0799903 0)
(-0.0218983 0.0828124 0)
(-0.0207069 0.0874317 0)
(-0.0196511 0.0831635 0)
(-0.0185951 0.0784909 0)
(-0.0173721 0.0769959 0)
(-0.0162813 0.0715107 0)
(-0.0147273 0.0647173 0)
(-0.0109883 0.0612385 0)
(-0.0070107 0.0604651 0)
(-0.00428308 0.0650219 0)
(-0.00210055 0.0782312 0)
(-0.00234165 0.0785294 0)
(-0.00068969 0.0538614 0)
(0.000768602 0.0152334 0)
(0.00101087 0.0362592 0)
(-0.0014709 0.0426089 0)
(-0.00432248 0.0439428 0)
(-0.00769063 0.043786 0)
(-0.00998155 0.0450119 0)
(-0.0118706 0.0469298 0)
(-0.0143337 0.0456528 0)
(-0.0159306 0.0397406 0)
(-0.0176695 0.0344576 0)
(-0.0189501 0.028382 0)
(-0.0196868 0.0257259 0)
(-0.0205149 0.0289217 0)
(-0.019904 0.0319103 0)
(-0.0173981 0.0391277 0)
(-0.0159314 0.0417027 0)
(-0.0145701 0.0395478 0)
(-0.0128388 0.0352527 0)
(-0.0116716 0.0312417 0)
(-0.00974169 0.0241002 0)
(-0.00760504 0.0194289 0)
(-0.00574268 0.0276763 0)
(-0.00450226 0.0347502 0)
(-0.00331936 0.0363018 0)
(-0.0015274 0.0255251 0)
(0.000759533 0.0305284 0)
(0.000211934 0.0555467 0)
(-0.00183273 0.0604757 0)
(-0.00302484 0.060675 0)
(-0.00550673 0.0617753 0)
(-0.0074195 0.0673607 0)
(-0.00973395 0.0739986 0)
(-0.0112497 0.0759676 0)
(-0.0121034 0.0766357 0)
(-0.0129594 0.0765552 0)
(-0.0135983 0.0761909 0)
(-0.0148322 0.0791906 0)
(-0.0148402 0.0790924 0)
(-0.0144451 0.0759001 0)
(-0.0140224 0.069556 0)
(-0.0133596 0.0676323 0)
(-0.012054 0.0651036 0)
(-0.011161 0.0603916 0)
(-0.00981228 0.0529708 0)
(-0.00828881 0.0475987 0)
(-0.0058001 0.04671 0)
(-0.00381277 0.0534496 0)
(-0.00172907 0.0678406 0)
(-0.00249782 0.0670913 0)
(-0.00141651 0.0382277 0)
(-0.000631535 0.0163944 0)
(0.00116823 0.0451877 0)
(-0.00048028 0.0531234 0)
(-0.00211115 0.0553757 0)
(-0.00426904 0.056869 0)
(-0.00556868 0.0578019 0)
(-0.00678294 0.0588073 0)
(-0.00734732 0.0544393 0)
(-0.00791982 0.0470128 0)
(-0.00816387 0.0414441 0)
(-0.00913804 0.0362031 0)
(-0.00924399 0.0321556 0)
(-0.00869927 0.0315201 0)
(-0.00804335 0.0340917 0)
(-0.00860439 0.0407039 0)
(-0.00962969 0.0411691 0)
(-0.0096443 0.0389076 0)
(-0.00954651 0.0341963 0)
(-0.00912947 0.0289834 0)
(-0.00888313 0.0191947 0)
(-0.00688196 0.0135823 0)
(-0.00507437 0.0227161 0)
(-0.00364652 0.0360645 0)
(-0.000977042 0.0399214 0)
(-0.000295946 0.0210058 0)
(0.000661274 0.0263467 0)
(0.00121277 0.0524322 0)
(0.00181305 0.0648208 0)
(0.00102348 0.0661749 0)
(-4.21879e-05 0.0665862 0)
(-0.00153058 0.0698841 0)
(-0.00269932 0.0750705 0)
(-0.00344427 0.0753113 0)
(-0.00410122 0.075549 0)
(-0.00529693 0.0759204 0)
(-0.00632764 0.0756554 0)
(-0.00857929 0.0748667 0)
(-0.00947641 0.0733598 0)
(-0.0107941 0.0722133 0)
(-0.010854 0.0697039 0)
(-0.0102928 0.0666245 0)
(-0.00963178 0.0614168 0)
(-0.00908917 0.0558574 0)
(-0.00837295 0.0478907 0)
(-0.00766772 0.0392212 0)
(-0.00585876 0.0344989 0)
(-0.00324352 0.0428294 0)
(-0.00206952 0.05481 0)
(-0.00192363 0.0560593 0)
(-0.000889134 0.0316408 0)
(-8.61034e-05 0.0148961 0)
(0.000634069 0.0452522 0)
(0.000627484 0.056128 0)
(-0.000661189 0.062166 0)
(-0.00211933 0.0651315 0)
(-0.00379582 0.0664434 0)
(-0.0049347 0.0656931 0)
(-0.00556715 0.0603197 0)
(-0.00621368 0.0539765 0)
(-0.0064416 0.0491056 0)
(-0.00665564 0.0462538 0)
(-0.00688395 0.0422472 0)
(-0.00716632 0.039176 0)
(-0.0071072 0.0404775 0)
(-0.00720542 0.0423664 0)
(-0.00652677 0.0416549 0)
(-0.00691073 0.0392317 0)
(-0.00706747 0.034473 0)
(-0.00778003 0.0291014 0)
(-0.0082399 0.0166819 0)
(-0.00590701 0.00709291 0)
(-0.0026857 0.0173647 0)
(0.000246555 0.0365611 0)
(0.000932857 0.040609 0)
(1.43618e-05 0.0181046 0)
(6.90221e-05 0.0227105 0)
(0.000972261 0.0483872 0)
(0.00210597 0.0653144 0)
(0.00177564 0.0698403 0)
(0.00179897 0.0711708 0)
(0.000282096 0.0736208 0)
(-0.000214332 0.0765497 0)
(-0.000617432 0.0756276 0)
(-0.000590557 0.0748067 0)
(-0.00166972 0.0742995 0)
(-0.00217442 0.0740852 0)
(-0.00362413 0.0730762 0)
(-0.00442812 0.071181 0)
(-0.00570316 0.0692549 0)
(-0.00662594 0.065727 0)
(-0.00929225 0.0628918 0)
(-0.0099458 0.0598605 0)
(-0.0102085 0.054762 0)
(-0.0101435 0.0476179 0)
(-0.00947758 0.0320287 0)
(-0.00795288 0.0192686 0)
(-0.00409102 0.0261446 0)
(-0.00136555 0.0437056 0)
(-0.000273246 0.0535679 0)
(-0.000468439 0.0307009 0)
(-0.000482653 0.0148155 0)
(-0.000210333 0.0430514 0)
(-0.000649454 0.0565092 0)
(-0.000709084 0.0651379 0)
(-0.00183836 0.0707304 0)
(-0.00260624 0.0731516 0)
(-0.00289267 0.0701625 0)
(-0.00297848 0.0635408 0)
(-0.00290129 0.0587764 0)
(-0.00246732 0.0553257 0)
(-0.00232053 0.0531068 0)
(-0.00202011 0.050043 0)
(-0.00239146 0.0464371 0)
(-0.00288795 0.0482332 0)
(-0.00358318 0.0530222 0)
(-0.00403609 0.0520443 0)
(-0.00461004 0.0438574 0)
(-0.00507318 0.0379698 0)
(-0.00487897 0.0300219 0)
(-0.00503163 0.0148737 0)
(-0.0044699 -0.00231427 0)
(-0.00180411 0.00560353 0)
(0.00111937 0.0307654 0)
(0.00137975 0.0415677 0)
(-6.5017e-05 0.0192573 0)
(0.000154227 0.0221408 0)
(0.000831073 0.0465661 0)
(0.00196378 0.0643843 0)
(0.000991177 0.0703509 0)
(0.00192951 0.0731564 0)
(0.00215767 0.0738976 0)
(0.00361954 0.0749689 0)
(0.0032643 0.0732098 0)
(0.00274641 0.0713266 0)
(0.00177121 0.0703531 0)
(0.00119458 0.0705353 0)
(0.000457795 0.0705964 0)
(-0.00105068 0.0704228 0)
(-0.00282823 0.0692495 0)
(-0.00283751 0.0655087 0)
(-0.00271662 0.0624402 0)
(-0.00394709 0.0594688 0)
(-0.00682997 0.0525935 0)
(-0.00896154 0.0449431 0)
(-0.0113863 0.0284452 0)
(-0.0101195 0.0094908 0)
(-0.00576168 0.0110592 0)
(-0.00141511 0.0339685 0)
(-0.000184051 0.0535972 0)
(-0.000390543 0.0309184 0)
(0.000250334 0.0146883 0)
(-0.00116077 0.0410085 0)
(-0.000607842 0.0583253 0)
(0.000623438 0.0670997 0)
(0.000626773 0.0703409 0)
(0.00102934 0.0714644 0)
(0.00101064 0.0699733 0)
(0.00215279 0.0679278 0)
(0.00194893 0.0644388 0)
(0.00224381 0.0613804 0)
(0.0018758 0.0585361 0)
(0.00225657 0.0575628 0)
(0.002201 0.056449 0)
(0.00257885 0.0546076 0)
(0.00194442 0.0556921 0)
(0.00137974 0.0567111 0)
(0.000790356 0.0559749 0)
(-0.000693834 0.0515105 0)
(-0.00246095 0.0426869 0)
(-0.00435634 0.0200381 0)
(-0.0046594 -0.0123244 0)
(-0.00240587 -0.0112653 0)
(0.000127061 0.0208291 0)
(0.00100678 0.0418954 0)
(0.000178237 0.0204995 0)
(-3.47705e-05 0.0221259 0)
(0.000168322 0.0466435 0)
(0.000606035 0.0581834 0)
(0.00209966 0.0658211 0)
(0.00291758 0.0700834 0)
(0.00373258 0.0710174 0)
(0.00465223 0.0702379 0)
(0.00542186 0.0688238 0)
(0.00634204 0.0688285 0)
(0.00646058 0.0680056 0)
(0.00635787 0.0680063 0)
(0.00541188 0.0674845 0)
(0.00480507 0.0670948 0)
(0.00347078 0.0674545 0)
(0.00225916 0.0654976 0)
(0.00185056 0.0628573 0)
(0.00145202 0.0612726 0)
(0.000794784 0.0576345 0)
(-0.000266685 0.050504 0)
(-0.00234926 0.0311307 0)
(-0.00389543 0.00262073 0)
(-0.0023423 -0.00187042 0)
(0.000792318 0.0238221 0)
(0.00177742 0.0512227 0)
(-0.000137857 0.0310889 0)
(-0.000341015 0.0163751 0)
(0.000693643 0.04145 0)
(0.00112016 0.0561378 0)
(0.00168389 0.0637979 0)
(0.00254669 0.0688043 0)
(0.00315952 0.0695811 0)
(0.00401955 0.0683637 0)
(0.00447847 0.0663724 0)
(0.00500263 0.0643315 0)
(0.00572865 0.0636441 0)
(0.006171 0.0632924 0)
(0.00667487 0.0633355 0)
(0.00676439 0.0631104 0)
(0.00689083 0.0627547 0)
(0.00700441 0.061495 0)
(0.00631699 0.0610127 0)
(0.00571111 0.0604527 0)
(0.00460875 0.0577279 0)
(0.0035155 0.0517286 0)
(0.00139706 0.0307053 0)
(-3.4248e-05 -0.0103453 0)
(-0.000763431 -0.0192348 0)
(-0.00137342 0.0137521 0)
(-0.000775117 0.0464732 0)
(-0.000315151 0.026368 0)
(-0.000277026 0.019399 0)
(-0.000208676 0.0414544 0)
(0.000588077 0.054035 0)
(0.00160943 0.0607068 0)
(0.002845 0.0648347 0)
(0.00427534 0.0657852 0)
(0.00542144 0.0652204 0)
(0.00659942 0.0646493 0)
(0.00707241 0.0638414 0)
(0.00775865 0.0633495 0)
(0.00813385 0.0635637 0)
(0.00860942 0.0640182 0)
(0.00878633 0.0642919 0)
(0.00906341 0.0647026 0)
(0.00889552 0.0644635 0)
(0.00871155 0.0635299 0)
(0.00877684 0.0627959 0)
(0.00864766 0.0604613 0)
(0.00854711 0.0552068 0)
(0.00812161 0.0370192 0)
(0.00666832 0.00536132 0)
(0.00188094 -0.000733165 0)
(-0.00110206 0.0218729 0)
(-0.000958377 0.0465305 0)
(-0.000114652 0.0263982 0)
)
;

boundaryField
{
    inlet           
    {
        type            fixedValue;
        value           uniform (0 0.1 0);
    }

    outlet          
    {
        type            inletOutlet;
        inletValue      uniform (0 0 0);
        value           nonuniform List<vector> 
25
(
(-0.000277026 0.019399 0)
(-0.000208676 0.0414544 0)
(0.000588077 0.054035 0)
(0.00160943 0.0607068 0)
(0.002845 0.0648347 0)
(0.00427534 0.0657852 0)
(0.00542144 0.0652204 0)
(0.00659942 0.0646493 0)
(0.00707241 0.0638414 0)
(0.00775865 0.0633495 0)
(0.00813385 0.0635637 0)
(0.00860942 0.0640182 0)
(0.00878633 0.0642919 0)
(0.00906341 0.0647026 0)
(0.00889552 0.0644635 0)
(0.00871155 0.0635299 0)
(0.00877684 0.0627959 0)
(0.00864766 0.0604613 0)
(0.00854711 0.0552068 0)
(0.00812161 0.0370192 0)
(0.00666832 0.00536132 0)
(0.00188094 -0.000733165 0)
(-0.00110206 0.0218729 0)
(-0.000958377 0.0465305 0)
(-0.000114652 0.0263982 0)
)
;
    }

    walls           
    {
        type            fixedValue;
        value           uniform (0 0 0);
    }

    defaultFaces    
    {
        type            empty;
    }
}

// ************************************************************************* //
