/*--------------------------------*- C++ -*----------------------------------*\
| =========                 |                                                 |
| \\      /  F ield         | OpenFOAM: The Open Source CFD Toolbox           |
|  \\    /   O peration     | Version:  1.7.1                                 |
|   \\  /    A nd           | Web:      www.OpenFOAM.com                      |
|    \\/     M anipulation  |                                                 |
\*---------------------------------------------------------------------------*/
FoamFile
{
    version     2.0;
    format      ascii;
    class       volVectorField;
    object      Ub;
}
// * * * * * * * * * * * * * * * * * * * * * * * * * * * * * * * * * * * * * //

dimensions      [0 1 -1 0 0 0 0];

internalField   nonuniform List<vector> 
1875
(
(0.141328 -0.587592 0)
(0.407198 -0.393846 0)
(0.471126 -0.270619 0)
(0.508946 -0.195538 0)
(0.523061 -0.14316 0)
(0.539622 -0.0977173 0)
(0.548878 -0.0659859 0)
(0.567946 -0.0430895 0)
(0.578326 -0.0279877 0)
(0.591975 -0.0173755 0)
(0.598382 -0.00543302 0)
(0.602371 0.00298469 0)
(0.602818 0.0244833 0)
(0.582319 0.0349973 0)
(0.557426 0.0670562 0)
(0.490779 0.104966 0)
(0.411761 0.121197 0)
(0.29205 0.167622 0)
(0.205957 0.357008 0)
(-0.0750581 0.261865 0)
(-0.182646 0.0455632 0)
(-0.234558 -0.0957123 0)
(-0.31884 -0.230828 0)
(-0.38533 -0.333269 0)
(-0.121762 -0.618504 0)
(0.0228774 -0.742864 0)
(0.082943 -0.271518 0)
(0.0359799 0.0416798 0)
(0.0442251 0.0662757 0)
(0.0605173 0.0354886 0)
(0.112994 -0.00478512 0)
(0.143369 -0.0322493 0)
(0.17737 -0.0416224 0)
(0.205379 -0.0435591 0)
(0.244187 -0.0337155 0)
(0.266524 -0.0279681 0)
(0.300861 -0.0269897 0)
(0.315941 -0.00488653 0)
(0.316896 0.0292872 0)
(0.304809 0.085202 0)
(0.295386 0.168277 0)
(0.247849 0.328991 0)
(0.18699 0.371779 0)
(0.162611 0.493281 0)
(0.164709 0.55336 0)
(0.0918576 0.406066 0)
(0.0830756 0.362236 0)
(0.00846045 0.465409 0)
(0.0191522 0.0169109 0)
(-0.0389573 -0.629635 0)
(0.00479983 -0.807249 0)
(0.00804917 -0.335873 0)
(-0.0174928 -0.134114 0)
(0.023681 -0.185376 0)
(0.0742247 -0.221152 0)
(0.121909 -0.203071 0)
(0.138184 -0.164171 0)
(0.144453 -0.147616 0)
(0.15823 -0.150581 0)
(0.167622 -0.130841 0)
(0.143162 -0.128813 0)
(0.102984 -0.0830639 0)
(0.0521285 0.0406228 0)
(0.0160529 0.0800667 0)
(-0.0390595 0.132918 0)
(-0.0287579 0.27406 0)
(0.0163274 0.310607 0)
(-0.00736691 0.323679 0)
(0.0418154 0.448216 0)
(-0.00262386 0.49017 0)
(0.055766 0.294311 0)
(0.0782353 0.0551085 0)
(0.0885758 0.187602 0)
(0.0850894 -0.0224171 0)
(-0.0188588 -0.690999 0)
(1.46791e-05 -0.803677 0)
(-0.00718855 -0.30425 0)
(0.00650334 -0.0529118 0)
(0.0244985 -0.195668 0)
(0.0281027 -0.235278 0)
(0.022556 -0.178575 0)
(-0.0117286 -0.0998749 0)
(-0.0290608 -0.096969 0)
(-0.0435147 -0.102997 0)
(-0.0768449 0.0108748 0)
(-0.114896 0.109529 0)
(-0.154653 0.112206 0)
(-0.165648 0.117244 0)
(-0.155625 0.135812 0)
(-0.154801 0.168179 0)
(-0.110043 0.210407 0)
(-0.0383216 0.235033 0)
(-0.0761922 0.282187 0)
(-0.0291805 0.463355 0)
(-0.0771569 0.473508 0)
(0.061873 0.172768 0)
(0.0389505 0.222105 0)
(0.0221948 0.353828 0)
(0.0386762 0.176293 0)
(-0.010499 -0.61329 0)
(-0.00189533 -0.781055 0)
(-0.0365181 -0.34555 0)
(-0.00588702 -0.228562 0)
(0.0160305 -0.292565 0)
(0.00260469 -0.28611 0)
(-0.0356617 -0.180758 0)
(-0.0873849 -0.103015 0)
(-0.124531 -0.113136 0)
(-0.185368 -0.0631684 0)
(-0.208621 0.0372702 0)
(-0.202716 0.0563095 0)
(-0.18878 0.0553577 0)
(-0.18201 0.0562007 0)
(-0.173468 0.0744435 0)
(-0.155375 0.104129 0)
(-0.134083 0.117301 0)
(-0.120484 0.202531 0)
(-0.162523 0.330437 0)
(-0.164869 0.456317 0)
(-0.113519 0.322577 0)
(-0.0114789 0.0362488 0)
(-0.000529388 0.136233 0)
(0.00244512 0.230692 0)
(0.027275 0.0872039 0)
(0.000467767 -0.633673 0)
(-0.00325022 -0.732094 0)
(-0.031785 -0.286604 0)
(-0.040756 -0.236432 0)
(-0.0579675 -0.268754 0)
(-0.0888941 -0.167478 0)
(-0.131313 -0.00881036 0)
(-0.147688 0.0451313 0)
(-0.175941 0.0333486 0)
(-0.207272 0.0367743 0)
(-0.20986 0.0381687 0)
(-0.187629 0.046922 0)
(-0.178911 0.052913 0)
(-0.175672 0.0812691 0)
(-0.177437 0.0960784 0)
(-0.166475 0.110874 0)
(-0.179492 0.172139 0)
(-0.207112 0.31274 0)
(-0.21512 0.359454 0)
(-0.213602 0.358721 0)
(-0.109787 0.0748308 0)
(-0.0314076 -0.127609 0)
(0.0103633 0.154496 0)
(0.0300304 0.266164 0)
(0.0196886 0.182605 0)
(-0.00295027 -0.595477 0)
(-0.00461531 -0.699854 0)
(-0.0335189 -0.245772 0)
(-0.0863643 -0.204575 0)
(-0.125782 -0.206756 0)
(-0.157489 -0.119514 0)
(-0.186664 -0.0151862 0)
(-0.196345 0.0207685 0)
(-0.217759 0.0158033 0)
(-0.223696 0.0115586 0)
(-0.230472 -0.00639501 0)
(-0.233823 -0.00520494 0)
(-0.239565 0.0418247 0)
(-0.241857 0.0782775 0)
(-0.239917 0.0984028 0)
(-0.242954 0.157943 0)
(-0.253126 0.249888 0)
(-0.249963 0.30908 0)
(-0.211175 0.327829 0)
(-0.154898 0.244763 0)
(-0.021435 -0.106602 0)
(-0.0262265 -0.215899 0)
(-0.0155256 0.0490102 0)
(0.0386338 0.237341 0)
(-0.0125229 0.217057 0)
(0.0248543 -0.648682 0)
(-0.00282494 -0.658135 0)
(-0.0281092 -0.118291 0)
(-0.108293 -0.0794797 0)
(-0.146892 -0.114212 0)
(-0.166241 -0.00993724 0)
(-0.199463 0.109011 0)
(-0.221044 0.127126 0)
(-0.262537 0.106789 0)
(-0.280071 0.0874168 0)
(-0.304304 0.0699351 0)
(-0.330763 0.0783221 0)
(-0.346742 0.102479 0)
(-0.350277 0.118439 0)
(-0.348213 0.149831 0)
(-0.342132 0.190307 0)
(-0.307604 0.226971 0)
(-0.238452 0.239965 0)
(-0.126559 0.14176 0)
(-0.00226976 -0.0514187 0)
(0.0715288 -0.205662 0)
(0.0457356 -0.154447 0)
(-0.0543987 0.033337 0)
(0.00153217 0.267173 0)
(-0.0523456 0.260674 0)
(0.0515815 -0.657791 0)
(-0.0042388 -0.641036 0)
(-0.0144542 -0.0231465 0)
(-0.0924468 0.0221748 0)
(-0.166495 -0.0535047 0)
(-0.17046 0.0113704 0)
(-0.187187 0.154589 0)
(-0.186326 0.186315 0)
(-0.22657 0.17605 0)
(-0.249646 0.147332 0)
(-0.282787 0.135649 0)
(-0.308191 0.133375 0)
(-0.320306 0.133493 0)
(-0.320954 0.135237 0)
(-0.316922 0.127562 0)
(-0.297588 0.0999883 0)
(-0.268281 0.0341976 0)
(-0.210512 -0.105244 0)
(-0.14677 -0.200443 0)
(-0.095961 -0.218758 0)
(-0.124224 -0.197037 0)
(-0.174899 0.0402852 0)
(-0.203208 0.187373 0)
(-0.163869 0.226427 0)
(-0.073401 0.125654 0)
(0.0648069 -0.651497 0)
(0.00963547 -0.636309 0)
(-0.021823 0.0202224 0)
(0.00442565 0.25421 0)
(-0.146693 0.0398455 0)
(-0.163799 0.050874 0)
(-0.158574 0.161816 0)
(-0.143021 0.234515 0)
(-0.149025 0.249563 0)
(-0.163294 0.23226 0)
(-0.187975 0.209808 0)
(-0.204073 0.183553 0)
(-0.21345 0.158689 0)
(-0.206414 0.127527 0)
(-0.200531 0.105585 0)
(-0.182087 0.0785725 0)
(-0.165823 0.0386821 0)
(-0.16238 -0.0363184 0)
(-0.206799 -0.138972 0)
(-0.232001 -0.165309 0)
(-0.315408 -0.075936 0)
(-0.350429 0.060434 0)
(-0.317785 0.0804353 0)
(-0.234297 -0.0199362 0)
(-0.0537424 -0.326032 0)
(0.0394164 -0.591598 0)
(0.0160432 -0.637747 0)
(-0.0167472 -0.0370706 0)
(0.0700601 0.319342 0)
(-0.00011737 0.305692 0)
(-0.123859 0.0752975 0)
(-0.129703 0.128666 0)
(-0.134618 0.210706 0)
(-0.115309 0.243918 0)
(-0.113484 0.245536 0)
(-0.105609 0.233929 0)
(-0.108059 0.197444 0)
(-0.103107 0.147911 0)
(-0.102882 0.111297 0)
(-0.100469 0.0834879 0)
(-0.10245 0.0281695 0)
(-0.110972 -0.00275163 0)
(-0.123564 -0.0202841 0)
(-0.171786 -0.0455071 0)
(-0.243411 0.00730176 0)
(-0.322536 0.0901807 0)
(-0.352229 0.0716724 0)
(-0.298381 -0.101472 0)
(-0.173246 -0.368227 0)
(-0.0958428 -0.534607 0)
(-0.0478101 -0.631696 0)
(-0.00605675 -0.678005 0)
(0.0600641 -0.0889499 0)
(0.0715667 0.140341 0)
(0.166609 0.523257 0)
(0.0131515 0.35006 0)
(-0.0831248 0.202151 0)
(-0.114929 0.226442 0)
(-0.117191 0.229745 0)
(-0.112581 0.218291 0)
(-0.0884068 0.202984 0)
(-0.0660003 0.170927 0)
(-0.0456544 0.134802 0)
(-0.0359376 0.104045 0)
(-0.0284461 0.0959227 0)
(-0.0375488 0.0978522 0)
(-0.0679028 0.0841385 0)
(-0.105408 0.0955035 0)
(-0.142601 0.113502 0)
(-0.227967 0.15778 0)
(-0.276289 0.172186 0)
(-0.290459 0.0160417 0)
(-0.217142 -0.32267 0)
(-0.179438 -0.481 0)
(-0.134738 -0.646593 0)
(-0.0527305 -0.898435 0)
(-0.00464843 -0.752723 0)
(0.0861668 -0.192141 0)
(0.0832924 -0.018079 0)
(0.167598 0.506777 0)
(0.0908788 0.568434 0)
(-0.0390154 0.433137 0)
(-0.0992553 0.333121 0)
(-0.0989457 0.277312 0)
(-0.117282 0.206658 0)
(-0.0896135 0.143976 0)
(-0.0698513 0.107515 0)
(-0.0283897 0.0784945 0)
(-0.00755728 0.0598762 0)
(0.017426 0.0799018 0)
(0.0281911 0.109849 0)
(0.0296122 0.148962 0)
(-0.00329769 0.163455 0)
(-0.0381909 0.212174 0)
(-0.134705 0.304022 0)
(-0.179129 0.27877 0)
(-0.175798 -0.0424924 0)
(-0.147938 -0.332053 0)
(-0.155526 -0.572853 0)
(-0.0742423 -0.827878 0)
(-0.031722 -1.06452 0)
(-0.00497943 -0.816896 0)
(0.0661569 -0.275501 0)
(0.0411654 -0.0723348 0)
(0.115296 0.521128 0)
(0.0499076 0.771648 0)
(-0.0285514 0.595736 0)
(-0.0954843 0.379592 0)
(-0.0800799 0.30071 0)
(-0.0779072 0.234122 0)
(-0.0679635 0.121367 0)
(-0.0531882 0.0465711 0)
(-0.0291629 0.00329654 0)
(0.0105907 -0.00501976 0)
(0.0266129 0.00723001 0)
(0.0711656 0.0576663 0)
(0.0715542 0.144507 0)
(0.0542078 0.240689 0)
(-0.0329753 0.395554 0)
(-0.0922822 0.461433 0)
(-0.11284 0.294822 0)
(-0.0661122 -0.0283381 0)
(-0.107186 -0.369281 0)
(-0.0681092 -0.692162 0)
(-0.0493278 -0.902297 0)
(-0.0131765 -1.15995 0)
(-0.00529396 -0.854041 0)
(0.0264625 -0.333988 0)
(0.0123356 -0.106993 0)
(0.0656379 0.532297 0)
(0.0548766 0.84728 0)
(0.0392556 0.717724 0)
(-0.0239426 0.456147 0)
(-0.0200907 0.246051 0)
(0.000158709 0.185387 0)
(0.00702713 0.115848 0)
(0.0302902 0.0329831 0)
(0.0363806 -0.0393656 0)
(0.0547254 -0.0522775 0)
(0.0663981 -0.0491431 0)
(0.085558 0.0132205 0)
(0.0840639 0.182426 0)
(0.0199625 0.395905 0)
(-0.0447644 0.518386 0)
(-0.0438389 0.47704 0)
(-0.0462442 0.253125 0)
(0.0190119 -0.0599265 0)
(-0.0211191 -0.32049 0)
(-0.00140919 -0.704402 0)
(-0.0296794 -0.934986 0)
(0.00294744 -1.20717 0)
(-0.00502847 -0.866074 0)
(0.00447177 -0.380753 0)
(0.009953 -0.13218 0)
(0.0151587 0.434369 0)
(0.0512587 0.824786 0)
(0.0503782 0.712343 0)
(0.0673933 0.50062 0)
(0.0554755 0.234709 0)
(0.0729832 0.155077 0)
(0.107537 0.0435273 0)
(0.145697 -0.0350085 0)
(0.158028 -0.0592425 0)
(0.155656 -0.0604752 0)
(0.153577 -0.0482091 0)
(0.147781 0.0343288 0)
(0.0778396 0.287788 0)
(0.0076784 0.526385 0)
(-0.0109194 0.541247 0)
(-0.00801424 0.440228 0)
(0.0447894 0.18005 0)
(0.0377121 -0.0511607 0)
(0.0501829 -0.342464 0)
(0.0466317 -0.675238 0)
(0.0138355 -0.915047 0)
(0.00526552 -1.21379 0)
(-0.00628324 -0.856036 0)
(-0.0382733 -0.375962 0)
(-0.0435875 -0.0466261 0)
(-0.0741799 0.426507 0)
(-0.0120238 0.767415 0)
(-0.00324379 0.653579 0)
(0.11478 0.444471 0)
(0.11688 0.226569 0)
(0.186479 0.0636765 0)
(0.231976 -0.0596767 0)
(0.259375 -0.0920622 0)
(0.260842 -0.087921 0)
(0.257013 -0.0706506 0)
(0.239437 -0.0273109 0)
(0.151717 0.164506 0)
(0.0384009 0.494848 0)
(-0.0110416 0.589157 0)
(0.00991454 0.526979 0)
(0.0389032 0.376089 0)
(0.113176 0.137369 0)
(0.0241961 -0.0703522 0)
(0.0761038 -0.363502 0)
(0.0738838 -0.651921 0)
(0.032841 -0.853651 0)
(0.0181681 -1.17048 0)
(-0.00912479 -0.760123 0)
(-0.0639007 -0.273429 0)
(-0.0836544 0.0186488 0)
(-0.0963249 0.416698 0)
(-0.0592642 0.680638 0)
(-0.0509097 0.397753 0)
(0.118176 0.247523 0)
(0.210302 0.0583809 0)
(0.31141 -0.0701555 0)
(0.344235 -0.101279 0)
(0.367075 -0.0873726 0)
(0.358033 -0.0784151 0)
(0.29556 -0.0338926 0)
(0.173658 0.163807 0)
(0.0323059 0.486972 0)
(-0.0393237 0.62878 0)
(-0.0361694 0.582835 0)
(0.0251427 0.428498 0)
(0.0981398 0.232815 0)
(0.0638067 0.11443 0)
(0.0294412 -0.0574359 0)
(0.095811 -0.414268 0)
(0.0853611 -0.602914 0)
(0.0413674 -0.801703 0)
(0.0203061 -1.10205 0)
(0.00450397 -0.705737 0)
(-0.060549 -0.222994 0)
(-0.0603627 0.0406057 0)
(-0.0604538 0.400014 0)
(0.010791 0.665055 0)
(0.0723317 0.176299 0)
(0.181287 -0.13286 0)
(0.293251 -0.210169 0)
(0.34435 -0.204318 0)
(0.345312 -0.18904 0)
(0.27979 -0.118427 0)
(0.196523 0.0848835 0)
(0.0751319 0.346971 0)
(-0.0523592 0.552147 0)
(-0.105607 0.626239 0)
(-0.107303 0.630356 0)
(-0.0409278 0.445805 0)
(0.0134773 0.223898 0)
(-0.00459444 0.164338 0)
(-0.0285914 0.130422 0)
(0.0795159 -0.15708 0)
(0.108017 -0.427057 0)
(0.0825904 -0.535547 0)
(0.0488153 -0.725901 0)
(0.0143886 -1.03967 0)
(0.0127417 -0.635874 0)
(-0.080797 -0.142085 0)
(-0.0676818 0.0221205 0)
(-0.087376 0.256627 0)
(0.0920228 0.441718 0)
(0.219453 0.0478658 0)
(0.275372 -0.239473 0)
(0.236792 -0.256197 0)
(0.175612 -0.148919 0)
(0.0419573 0.100826 0)
(-0.0159335 0.233402 0)
(-0.0821223 0.407673 0)
(-0.140316 0.537814 0)
(-0.153897 0.585894 0)
(-0.144673 0.59486 0)
(-0.130828 0.458913 0)
(-0.0506682 0.224733 0)
(-0.0588765 0.160775 0)
(-0.031821 0.070989 0)
(0.0335221 -0.00832151 0)
(0.119762 -0.260365 0)
(0.111941 -0.411091 0)
(0.080808 -0.485952 0)
(0.0415036 -0.669329 0)
(0.0239398 -0.969745 0)
(0.015765 -0.560772 0)
(-0.0796842 -0.0476543 0)
(-0.101823 0.0377204 0)
(-0.121939 0.0713156 0)
(0.0251774 -0.0280695 0)
(0.1003 -0.193856 0)
(0.0377616 -0.100762 0)
(-0.116086 0.0263818 0)
(-0.168487 0.114161 0)
(-0.162883 0.214738 0)
(-0.176459 0.33233 0)
(-0.187281 0.457423 0)
(-0.17636 0.527125 0)
(-0.155238 0.560162 0)
(-0.115171 0.553276 0)
(-0.0617492 0.377456 0)
(0.0110144 0.190905 0)
(0.0213497 0.13559 0)
(0.128768 0.0254199 0)
(0.134301 -0.0813305 0)
(0.175739 -0.271087 0)
(0.111957 -0.327556 0)
(0.0931212 -0.401658 0)
(0.0445862 -0.605137 0)
(0.0230658 -0.900848 0)
(0.0120065 -0.52165 0)
(-0.0465004 0.119645 0)
(-0.11873 0.119468 0)
(-0.15585 0.0526239 0)
(-0.162284 -0.030867 0)
(-0.246827 -0.00364903 0)
(-0.311299 0.039828 0)
(-0.31643 0.0947303 0)
(-0.306262 0.167069 0)
(-0.280234 0.242432 0)
(-0.257161 0.34134 0)
(-0.218908 0.423286 0)
(-0.1613 0.462913 0)
(-0.0962842 0.44693 0)
(0.00191533 0.396616 0)
(0.0875455 0.25258 0)
(0.131619 0.11575 0)
(0.146675 0.0541667 0)
(0.177877 -0.0084048 0)
(0.151416 -0.0631711 0)
(0.152428 -0.186928 0)
(0.0958256 -0.239872 0)
(0.0813998 -0.339693 0)
(0.0526949 -0.528782 0)
(0.0181482 -0.816406 0)
(-0.00990437 -0.512476 0)
(-0.00616312 0.257865 0)
(-0.0736314 0.297555 0)
(-0.123616 0.216202 0)
(-0.245059 0.0806595 0)
(-0.324357 0.0573919 0)
(-0.372728 0.0682567 0)
(-0.39257 0.076091 0)
(-0.389243 0.107371 0)
(-0.368765 0.147884 0)
(-0.332843 0.215465 0)
(-0.272673 0.255086 0)
(-0.198142 0.248497 0)
(-0.104689 0.198167 0)
(-0.0195644 0.145198 0)
(0.0523821 0.145558 0)
(0.0785321 0.136651 0)
(0.0912755 0.117247 0)
(0.0917151 0.0748145 0)
(0.0862369 -0.0415884 0)
(0.0852139 -0.162239 0)
(0.057173 -0.207596 0)
(0.0621046 -0.308446 0)
(0.0389606 -0.47988 0)
(0.0192977 -0.747278 0)
(-0.0323951 -0.526524 0)
(0.0287901 0.266351 0)
(-0.0114164 0.346555 0)
(0.0135635 0.413278 0)
(-0.0794306 0.355025 0)
(-0.152411 0.258917 0)
(-0.199423 0.201722 0)
(-0.25261 0.143251 0)
(-0.285052 0.116451 0)
(-0.304071 0.108053 0)
(-0.300215 0.103884 0)
(-0.286285 0.0988546 0)
(-0.249693 0.0525655 0)
(-0.219048 0.00257268 0)
(-0.198662 -0.0121167 0)
(-0.157317 -0.00979547 0)
(-0.0887329 0.0119922 0)
(-0.0370592 0.0207376 0)
(0.0254417 0.023543 0)
(0.0646955 -0.0377082 0)
(0.0674813 -0.127181 0)
(0.0553626 -0.193988 0)
(0.0600558 -0.291493 0)
(0.0491321 -0.431016 0)
(0.0138046 -0.684908 0)
(-0.0554377 -0.515715 0)
(0.0403631 0.198831 0)
(0.0170801 0.304054 0)
(0.0526324 0.373156 0)
(0.0649974 0.427363 0)
(0.0417311 0.363627 0)
(0.0561173 0.308784 0)
(0.0344024 0.252964 0)
(0.0240541 0.201931 0)
(-0.0113325 0.170132 0)
(-0.0205178 0.144001 0)
(-0.0501747 0.115041 0)
(-0.0555406 0.0542483 0)
(-0.0845445 0.0463893 0)
(-0.107912 -0.0105872 0)
(-0.126921 -0.0994882 0)
(-0.110383 -0.120981 0)
(-0.0740087 -0.138441 0)
(-0.0203488 -0.132262 0)
(0.0197271 -0.126592 0)
(0.0375504 -0.137954 0)
(0.0518819 -0.192512 0)
(0.0533115 -0.264374 0)
(0.0452728 -0.368829 0)
(0.01184 -0.608724 0)
(-0.0652443 -0.495563 0)
(0.0544782 0.106084 0)
(0.0641934 0.314641 0)
(0.0267499 0.295559 0)
(0.0609044 0.392867 0)
(0.0813812 0.329044 0)
(0.141386 0.277043 0)
(0.14439 0.242614 0)
(0.164484 0.215323 0)
(0.150891 0.195912 0)
(0.155656 0.17452 0)
(0.140921 0.16208 0)
(0.141963 0.126316 0)
(0.112746 0.0874115 0)
(0.121139 0.06641 0)
(0.097101 0.0130078 0)
(0.0387512 -0.0785452 0)
(0.014831 -0.153835 0)
(0.000194791 -0.174033 0)
(0.0124981 -0.178511 0)
(0.0213051 -0.193302 0)
(0.0444436 -0.226222 0)
(0.0363172 -0.26194 0)
(0.0350105 -0.33072 0)
(0.00231084 -0.562738 0)
(-0.00690599 -0.473525 0)
(0.0298961 -0.200657 0)
(0.160186 0.368583 0)
(0.0444242 0.35397 0)
(0.0722517 0.31122 0)
(0.0669161 0.189339 0)
(0.116539 0.200444 0)
(0.12591 0.218946 0)
(0.153887 0.207962 0)
(0.161991 0.196181 0)
(0.171775 0.171875 0)
(0.174727 0.156636 0)
(0.185728 0.134227 0)
(0.18249 0.0874118 0)
(0.195502 0.0530592 0)
(0.207473 0.0429468 0)
(0.197119 0.0167141 0)
(0.168999 -0.0636777 0)
(0.129633 -0.120225 0)
(0.107102 -0.153251 0)
(0.0844121 -0.185625 0)
(0.0764674 -0.218903 0)
(0.0497723 -0.239604 0)
(0.0347453 -0.297959 0)
(0.000835631 -0.526742 0)
(0.0434272 -0.508472 0)
(-0.00245697 -0.34179 0)
(0.140425 0.313556 0)
(0.139668 0.426683 0)
(0.132491 0.338531 0)
(0.0776437 0.19962 0)
(0.0508353 0.163614 0)
(0.0558915 0.160603 0)
(0.0811297 0.144092 0)
(0.114711 0.164357 0)
(0.13716 0.154078 0)
(0.161918 0.143056 0)
(0.182614 0.126522 0)
(0.202622 0.0771959 0)
(0.209639 0.0325766 0)
(0.22341 0.0210046 0)
(0.23117 0.00758103 0)
(0.224106 -0.0362851 0)
(0.192797 -0.0798443 0)
(0.155805 -0.0840634 0)
(0.118823 -0.112241 0)
(0.0969732 -0.143962 0)
(0.0631112 -0.165946 0)
(0.0382719 -0.226468 0)
(-0.00279704 -0.482966 0)
(0.0318007 -0.552667 0)
(0.0110758 -0.360617 0)
(0.055706 0.0106889 0)
(0.241117 0.337863 0)
(0.248953 0.407336 0)
(0.223642 0.341254 0)
(0.111755 0.217367 0)
(0.067144 0.154599 0)
(0.0409666 0.0877402 0)
(0.0675786 0.0889569 0)
(0.104083 0.0766849 0)
(0.138849 0.0661065 0)
(0.171811 0.062172 0)
(0.190036 0.038931 0)
(0.18998 0.0290067 0)
(0.187934 0.0351048 0)
(0.180689 0.0395141 0)
(0.176422 0.0256545 0)
(0.149298 0.0141135 0)
(0.120961 -0.00608253 0)
(0.0999667 -0.0621907 0)
(0.0829492 -0.0973883 0)
(0.0537402 -0.111246 0)
(0.0279118 -0.159416 0)
(-0.00348037 -0.450794 0)
(-0.00131269 -0.615393 0)
(0.0526006 -0.362766 0)
(0.0885479 -0.272343 0)
(0.198163 0.0127411 0)
(0.314129 0.321658 0)
(0.324467 0.472186 0)
(0.269044 0.459088 0)
(0.171737 0.304611 0)
(0.08092 0.137817 0)
(0.0402267 0.0394506 0)
(0.0595369 0.00723824 0)
(0.0665376 0.00767564 0)
(0.0739504 0.0324211 0)
(0.0768002 0.0528203 0)
(0.0813303 0.0567844 0)
(0.077895 0.0644389 0)
(0.0762383 0.0596264 0)
(0.0813588 0.0469026 0)
(0.086707 0.042376 0)
(0.0939943 0.0157405 0)
(0.0872962 -0.0382245 0)
(0.0726993 -0.048049 0)
(0.0398602 -0.0489157 0)
(0.0176133 -0.103853 0)
(-0.00235635 -0.433684 0)
(0.0108666 -0.683658 0)
(0.0587422 -0.533914 0)
(0.144533 -0.337999 0)
(0.165859 -0.175201 0)
(0.24986 0.154183 0)
(0.310588 0.416794 0)
(0.34105 0.555056 0)
(0.290969 0.524821 0)
(0.1991 0.369865 0)
(0.0781573 0.129703 0)
(0.0250862 0.0310259 0)
(0.00224413 0.0409705 0)
(-0.0227009 0.0511548 0)
(-0.0266613 0.0283099 0)
(-0.0260723 0.0301902 0)
(-0.0108984 0.0452663 0)
(0.0131347 0.0350406 0)
(0.0343355 0.00125637 0)
(0.0646541 -0.0130759 0)
(0.0849039 -0.0103723 0)
(0.0820883 -0.0161553 0)
(0.057671 0.00524627 0)
(0.0302551 0.00699213 0)
(0.0103747 -0.0659985 0)
(0.000714226 -0.423919 0)
(0.0245603 -0.78384 0)
(0.0613749 -0.650976 0)
(0.113691 -0.530118 0)
(0.16506 -0.213175 0)
(0.151863 0.026944 0)
(0.22399 0.334263 0)
(0.273741 0.533322 0)
(0.274904 0.603735 0)
(0.245253 0.556227 0)
(0.170789 0.395414 0)
(0.074067 0.170476 0)
(0.0321165 0.118241 0)
(-0.0098076 0.0955603 0)
(-0.0389737 0.0532779 0)
(-0.0577222 0.00609831 0)
(-0.0291821 -0.0273601 0)
(0.00208681 -0.0478301 0)
(0.0358219 -0.0705262 0)
(0.0562599 -0.0622995 0)
(0.072392 -0.0223857 0)
(0.060153 0.0252537 0)
(0.0331496 0.0670785 0)
(0.0264923 0.0484509 0)
(0.00443797 -0.0407328 0)
(0.00194611 -0.421197 0)
(0.00800689 -0.876982 0)
(0.0467447 -0.740743 0)
(0.0571526 -0.600843 0)
(0.0830832 -0.273779 0)
(0.0501711 0.0151921 0)
(0.0747706 0.221892 0)
(0.145479 0.470573 0)
(0.189759 0.602014 0)
(0.180918 0.571978 0)
(0.152343 0.477984 0)
(0.0747413 0.303399 0)
(0.0475676 0.223897 0)
(0.00239068 0.197412 0)
(-0.023737 0.121708 0)
(-0.0350205 8.64307e-06 0)
(-0.00430099 -0.0891615 0)
(0.0186832 -0.11216 0)
(0.045255 -0.113633 0)
(0.0521649 -0.081771 0)
(0.0542314 -0.00357292 0)
(0.0196266 0.072391 0)
(0.00643038 0.0854042 0)
(0.0275128 0.0653283 0)
(-0.00383825 -0.0173229 0)
(0.00389471 -0.422112 0)
(-0.00371036 -0.897268 0)
(0.00361706 -0.76279 0)
(-0.0214306 -0.612449 0)
(-0.0166473 -0.185119 0)
(-0.0574046 0.0833044 0)
(-0.0526381 0.189572 0)
(0.0296727 0.378627 0)
(0.102907 0.576425 0)
(0.0989364 0.639277 0)
(0.0867511 0.569991 0)
(0.0366425 0.365771 0)
(0.00842057 0.267055 0)
(-0.00865605 0.238615 0)
(-0.0184412 0.128305 0)
(0.00344795 -0.030025 0)
(0.027736 -0.138928 0)
(0.0445904 -0.153121 0)
(0.0595281 -0.135606 0)
(0.0481561 -0.0788869 0)
(0.00512038 0.0630083 0)
(-0.0238472 0.138237 0)
(-0.0128722 0.0512843 0)
(0.0186787 0.0579933 0)
(-0.00601231 -0.000103004 0)
(0.00202937 -0.427716 0)
(-0.013944 -0.878726 0)
(-0.0214961 -0.724682 0)
(-0.0541008 -0.58999 0)
(-0.0326117 -0.15975 0)
(-0.0338793 0.0513378 0)
(-0.0647639 0.0592487 0)
(-0.00426192 0.22268 0)
(0.0243695 0.498823 0)
(0.0303826 0.618095 0)
(0.0241493 0.573736 0)
(-0.0138117 0.438574 0)
(-0.037928 0.313887 0)
(-0.0389408 0.239907 0)
(-0.0243783 0.10198 0)
(0.0197862 -0.101906 0)
(0.0254727 -0.176428 0)
(0.0391877 -0.179607 0)
(0.0412259 -0.120853 0)
(-0.00834411 0.0475824 0)
(-0.0455479 0.155021 0)
(-0.0488253 0.113025 0)
(-0.033537 -0.01114 0)
(-0.00646106 0.0436291 0)
(-0.00400594 0.0071718 0)
(-0.0024336 -0.432948 0)
(-0.0115444 -0.831409 0)
(-0.0254689 -0.692633 0)
(-0.0575779 -0.575702 0)
(-0.0635187 -0.223816 0)
(-0.00450069 0.0388722 0)
(-0.0106727 0.00824413 0)
(-0.0808397 0.214504 0)
(-0.0612216 0.546008 0)
(-0.077674 0.662833 0)
(-0.0827792 0.625657 0)
(-0.105406 0.462827 0)
(-0.082612 0.310072 0)
(-0.0855179 0.199927 0)
(-0.029413 -0.0085088 0)
(-0.0189524 -0.138085 0)
(-0.0137388 -0.183792 0)
(-0.0174596 -0.183899 0)
(-0.00939243 -0.0299813 0)
(-0.0484137 0.117664 0)
(-0.0363218 0.161431 0)
(-0.0416913 0.10208 0)
(-0.0256862 -0.0545975 0)
(-0.0171822 -0.00708124 0)
(0.00130615 -0.0181004 0)
(-0.00813366 -0.441256 0)
(-0.0113373 -0.794453 0)
(-0.0340011 -0.630462 0)
(-0.0669113 -0.503886 0)
(-0.0982418 -0.246477 0)
(-0.0686895 0.0508848 0)
(-0.0637725 0.131868 0)
(-0.156454 0.366873 0)
(-0.162305 0.60152 0)
(-0.171395 0.653805 0)
(-0.153303 0.586602 0)
(-0.155853 0.403422 0)
(-0.120163 0.261761 0)
(-0.108468 0.119058 0)
(-0.0625624 -0.0568941 0)
(-0.0736803 -0.135465 0)
(-0.0610592 -0.179465 0)
(-0.0622254 -0.179759 0)
(-0.0418362 -0.0338903 0)
(-0.0215314 0.106747 0)
(-0.021664 0.144357 0)
(-0.0106339 0.0850826 0)
(-0.0296184 -0.0678458 0)
(-0.0241504 -0.0119647 0)
(0.00994749 -0.00549684 0)
(-0.00945753 -0.444521 0)
(-0.00903921 -0.731621 0)
(-0.0328939 -0.579268 0)
(-0.0472288 -0.438279 0)
(-0.11264 -0.223663 0)
(-0.089146 0.0597895 0)
(-0.0993074 0.274784 0)
(-0.1377 0.47224 0)
(-0.1371 0.615542 0)
(-0.134675 0.647399 0)
(-0.130044 0.567021 0)
(-0.131012 0.357687 0)
(-0.107551 0.206221 0)
(-0.0801345 0.0558088 0)
(-0.0828917 -0.0790453 0)
(-0.0928677 -0.145906 0)
(-0.082677 -0.201601 0)
(-0.0764561 -0.214669 0)
(-0.0580826 -0.120577 0)
(0.00502575 0.0765223 0)
(0.0136371 0.136203 0)
(0.0351002 0.119449 0)
(0.00909063 -0.0147364 0)
(-0.0138638 -0.0940196 0)
(0.00798782 -0.0423659 0)
(0.00483087 -0.44105 0)
(-0.00754343 -0.700847 0)
(-0.0103535 -0.536983 0)
(-0.0349301 -0.351701 0)
(-0.0764236 -0.146783 0)
(-0.0635204 0.0770318 0)
(-0.058244 0.286112 0)
(-0.0462264 0.496599 0)
(-0.0596256 0.604872 0)
(-0.0406096 0.628101 0)
(-0.0427286 0.568527 0)
(-0.0413914 0.334428 0)
(-0.0451454 0.166826 0)
(-0.0297369 0.0541 0)
(-0.0694415 -0.0226136 0)
(-0.0748563 -0.126135 0)
(-0.0867941 -0.205791 0)
(-0.0790539 -0.228993 0)
(-0.0785368 -0.208842 0)
(-0.0175675 -0.0498657 0)
(0.0213058 0.0731548 0)
(0.0316899 0.102643 0)
(0.041694 0.0540022 0)
(0.0231377 -0.0220054 0)
(-0.022522 -0.0353829 0)
(0.0339004 -0.431019 0)
(0.0035798 -0.693916 0)
(0.00575097 -0.529798 0)
(-0.00307455 -0.326742 0)
(-0.0136463 -0.1307 0)
(-0.0449139 -0.011883 0)
(0.0117614 0.242269 0)
(0.0149358 0.485398 0)
(0.0372402 0.59409 0)
(0.0560233 0.606059 0)
(0.0755244 0.571621 0)
(0.0825096 0.401326 0)
(0.0630843 0.200892 0)
(0.0419961 0.101282 0)
(0.0137639 0.0136154 0)
(-0.00524059 -0.108115 0)
(-0.0688746 -0.200168 0)
(-0.10708 -0.244701 0)
(-0.126544 -0.251069 0)
(-0.0905762 -0.147044 0)
(-0.0370766 0.0283424 0)
(-0.0308911 0.0745732 0)
(-0.0196483 0.0101632 0)
(-0.0436184 0.0253025 0)
(-0.0595427 -0.0680617 0)
(0.0454473 -0.43349 0)
(-0.000247182 -0.719786 0)
(0.00838669 -0.537378 0)
(0.00341359 -0.321243 0)
(-0.00337143 -0.0698042 0)
(-0.0259893 0.045169 0)
(0.00906771 0.17693 0)
(0.0791879 0.411716 0)
(0.109752 0.512161 0)
(0.137105 0.528732 0)
(0.163035 0.508789 0)
(0.181335 0.414123 0)
(0.178958 0.28085 0)
(0.160191 0.16842 0)
(0.159562 0.062993 0)
(0.142995 0.0322609 0)
(0.112776 0.00632181 0)
(0.0576062 -0.0888365 0)
(0.0172642 -0.219018 0)
(-0.0436172 -0.235461 0)
(-0.00623148 -0.0643457 0)
(-0.0046264 0.0782112 0)
(-0.000443009 0.0622652 0)
(-0.0822873 0.0587841 0)
(-0.0395527 -0.252374 0)
(-0.0071907 -0.445885 0)
(-0.0105171 -0.720536 0)
(-0.0285421 -0.540841 0)
(-0.0495969 -0.326955 0)
(-0.0428772 -0.157969 0)
(-0.000868744 -0.0738137 0)
(-0.032613 0.0113483 0)
(0.0217245 0.262471 0)
(0.0590134 0.444166 0)
(0.0972226 0.465512 0)
(0.134317 0.445024 0)
(0.176863 0.381532 0)
(0.194592 0.276271 0)
(0.210406 0.15524 0)
(0.217718 0.0515539 0)
(0.209083 0.0103244 0)
(0.222214 -0.0201371 0)
(0.22857 -0.0598267 0)
(0.206298 -0.0621933 0)
(0.157075 -0.0820821 0)
(0.115236 -0.0602465 0)
(0.101372 0.0804415 0)
(0.0807076 0.152177 0)
(-0.0314289 0.167626 0)
(0.00682663 -0.282176 0)
(-0.0426736 -0.504251 0)
(-0.0269745 -0.627012 0)
(-0.0914098 -0.432769 0)
(-0.17404 -0.248357 0)
(-0.191885 -0.122077 0)
(-0.182255 -0.00536862 0)
(-0.197483 0.104896 0)
(-0.167355 0.248493 0)
(-0.111003 0.353218 0)
(-0.0188841 0.349289 0)
(0.056297 0.316977 0)
(0.139111 0.27951 0)
(0.193062 0.21655 0)
(0.242326 0.130635 0)
(0.276056 0.07123 0)
(0.295915 0.0297194 0)
(0.314165 -0.0235287 0)
(0.321424 -0.0772776 0)
(0.296091 -0.0978562 0)
(0.257986 -0.0727345 0)
(0.186805 0.029846 0)
(0.130475 0.17157 0)
(0.0741811 0.318109 0)
(-0.0027529 0.25893 0)
(0.0558028 -0.227689 0)
(-0.024902 -0.515884 0)
(-0.0244759 -0.482004 0)
(-0.0652151 -0.267098 0)
(-0.162573 -0.0758743 0)
(-0.237181 -0.0292135 0)
(-0.259213 0.00958625 0)
(-0.256269 0.0543854 0)
(-0.220738 0.117731 0)
(-0.15044 0.124764 0)
(-0.0561576 0.0736206 0)
(0.0340867 0.0809769 0)
(0.109216 0.0689617 0)
(0.190585 0.0444365 0)
(0.240682 -0.0188093 0)
(0.285407 -0.0596636 0)
(0.304524 -0.0645571 0)
(0.29693 -0.0596631 0)
(0.26923 -0.00820226 0)
(0.213973 0.0824263 0)
(0.16186 0.126001 0)
(0.099846 0.193575 0)
(0.0493437 0.326624 0)
(-0.00527684 0.412709 0)
(-0.0212279 0.229601 0)
(0.0741937 -0.206354 0)
(0.00758996 -0.464096 0)
(-0.00638373 -0.43964 0)
(-0.00873959 -0.219817 0)
(-0.0382588 0.0634932 0)
(-0.094645 0.116707 0)
(-0.173019 0.0796797 0)
(-0.20443 0.0491172 0)
(-0.193938 0.0185246 0)
(-0.134463 -0.0275396 0)
(-0.0879747 -0.0654045 0)
(-0.00808231 -0.0655328 0)
(0.0563539 -0.0687485 0)
(0.123718 -0.0721122 0)
(0.160279 -0.0724736 0)
(0.168449 -0.0534129 0)
(0.161518 0.019943 0)
(0.117269 0.0737887 0)
(0.0742605 0.0982619 0)
(0.0475406 0.13413 0)
(0.0264541 0.191956 0)
(-0.0192247 0.286969 0)
(-0.0706652 0.409172 0)
(-0.106588 0.441353 0)
(-0.0399329 0.0512753 0)
(0.0468015 -0.228689 0)
(0.00195889 -0.402905 0)
(0.00441338 -0.446866 0)
(0.0130641 -0.243283 0)
(0.0200353 0.0805649 0)
(-0.0122968 0.271098 0)
(-0.0442404 0.282837 0)
(-0.0952864 0.119459 0)
(-0.114869 -0.0240157 0)
(-0.114487 -0.110129 0)
(-0.0797233 -0.198958 0)
(-0.0238056 -0.235138 0)
(0.0354068 -0.220393 0)
(0.0752814 -0.180147 0)
(0.100511 -0.111191 0)
(0.089732 -0.0557601 0)
(0.0768232 0.0600091 0)
(0.0473348 0.13096 0)
(0.0060725 0.145315 0)
(-0.00517386 0.199564 0)
(-0.0464532 0.290458 0)
(-0.095767 0.429543 0)
(-0.136434 0.490945 0)
(-0.133557 0.345665 0)
(-0.0243917 -0.166363 0)
(-0.0443889 -0.249286 0)
(0.00549513 -0.398134 0)
(-0.00217839 -0.477162 0)
(0.00200214 -0.264692 0)
(-0.00837839 0.0757573 0)
(-0.0139887 0.249649 0)
(0.0190361 0.273903 0)
(0.0243254 0.211448 0)
(0.0038123 0.0711044 0)
(0.00522994 -0.104554 0)
(0.0252126 -0.2646 0)
(0.0445795 -0.319625 0)
(0.0724582 -0.298821 0)
(0.0852656 -0.228057 0)
(0.0822151 -0.114058 0)
(0.0483237 -0.0104598 0)
(0.0256976 0.113382 0)
(0.0083102 0.215173 0)
(-0.0145197 0.209425 0)
(-0.0359861 0.264432 0)
(-0.106531 0.41087 0)
(-0.13283 0.485385 0)
(-0.156625 0.485253 0)
(-0.0825803 0.211999 0)
(0.00114434 -0.187567 0)
(-0.0546634 -0.269723 0)
(-0.000103809 -0.461229 0)
(-0.0088826 -0.44498 0)
(-0.0422454 -0.229585 0)
(-0.036049 0.100767 0)
(-0.0473325 0.191251 0)
(-0.0126067 0.214174 0)
(0.0197036 0.163584 0)
(0.0354901 0.0373241 0)
(0.057499 -0.139985 0)
(0.0708144 -0.283997 0)
(0.0679167 -0.359748 0)
(0.0629902 -0.319942 0)
(0.0339263 -0.229064 0)
(-0.00440347 -0.0678066 0)
(-0.0307507 0.0481003 0)
(-0.0395318 0.147007 0)
(-0.0264717 0.220144 0)
(-0.034644 0.247571 0)
(-0.0785572 0.402146 0)
(-0.1349 0.51369 0)
(-0.130908 0.529052 0)
(-0.16681 0.399229 0)
(-0.0513543 -0.0575074 0)
(-0.0507788 -0.233635 0)
(-0.00853716 -0.285726 0)
(-0.0216824 -0.485979 0)
(-0.00618738 -0.373833 0)
(-0.0466986 -0.211752 0)
(-0.0213357 0.107222 0)
(-0.0406577 0.179485 0)
(-0.0457251 0.127371 0)
(-0.01008 0.0980441 0)
(0.00998935 -0.0192561 0)
(0.0286711 -0.181355 0)
(0.0163512 -0.286631 0)
(-0.0315049 -0.310414 0)
(-0.0747321 -0.263968 0)
(-0.106994 -0.111561 0)
(-0.105139 0.019691 0)
(-0.0912111 0.0533672 0)
(-0.0745554 0.102086 0)
(-0.0463741 0.210867 0)
(-0.0639763 0.323273 0)
(-0.0809978 0.476543 0)
(-0.0927414 0.533241 0)
(-0.0817802 0.529529 0)
(-0.0842564 0.307821 0)
(-0.0207394 -0.125601 0)
(-0.0848337 -0.286324 0)
(-0.0160712 -0.372935 0)
(-0.00803756 -0.542753 0)
(0.000661295 -0.332266 0)
(-0.0248341 -0.205371 0)
(0.00802478 0.0905487 0)
(-0.0138493 0.228682 0)
(-0.0660189 0.138604 0)
(-0.0455257 0.0514042 0)
(-0.0375393 -0.0506919 0)
(-0.0386704 -0.141528 0)
(-0.0943103 -0.188558 0)
(-0.143807 -0.228424 0)
(-0.176979 -0.213718 0)
(-0.181054 -0.132914 0)
(-0.149546 -0.0332506 0)
(-0.124146 -0.0072303 0)
(-0.114721 0.0571358 0)
(-0.0844785 0.208492 0)
(-0.0837437 0.321873 0)
(-0.066615 0.45336 0)
(-0.0408406 0.507019 0)
(-0.0159356 0.50784 0)
(0.0162631 0.309693 0)
(0.0706292 -0.0416025 0)
(0.0174008 -0.247467 0)
(-0.0077547 -0.403622 0)
(0.00663491 -0.561562 0)
(-0.00241131 -0.318437 0)
(0.00862066 -0.212381 0)
(0.0159021 0.0336673 0)
(0.0227526 0.353997 0)
(-0.0676355 0.187302 0)
(-0.0819345 0.0536886 0)
(-0.0880494 -0.0341603 0)
(-0.113729 -0.0812094 0)
(-0.149277 -0.10933 0)
(-0.192909 -0.167289 0)
(-0.209018 -0.17937 0)
(-0.214942 -0.142385 0)
(-0.182388 -0.0533306 0)
(-0.148287 0.00171622 0)
(-0.143562 0.0321404 0)
(-0.121911 0.151426 0)
(-0.0981436 0.280654 0)
(-0.0726724 0.374286 0)
(-0.0277114 0.414466 0)
(0.00350035 0.400433 0)
(0.0603427 0.152085 0)
(0.0766169 -0.0277191 0)
(0.0649097 -0.179535 0)
(0.0129397 -0.364303 0)
(0.0169676 -0.547898 0)
(0.000539339 -0.34159 0)
(0.0230166 -0.232001 0)
(0.0150728 -0.00136642 0)
(0.0340591 0.420291 0)
(-0.0216603 0.346867 0)
(-0.0855472 0.109993 0)
(-0.105224 -0.00490669 0)
(-0.126908 -0.0387489 0)
(-0.128757 -0.047338 0)
(-0.138475 -0.0782259 0)
(-0.182742 -0.156013 0)
(-0.199755 -0.177724 0)
(-0.198264 -0.161577 0)
(-0.151292 -0.0900987 0)
(-0.117459 0.00998191 0)
(-0.0750318 0.110443 0)
(-0.0276301 0.215548 0)
(0.0297146 0.285159 0)
(0.0776065 0.32178 0)
(0.113088 0.315852 0)
(0.165767 0.174617 0)
(0.131059 -0.045947 0)
(0.1238 -0.147063 0)
(0.0834536 -0.314097 0)
(0.027128 -0.50773 0)
(-0.00640002 -0.372165 0)
(-0.0117612 -0.258491 0)
(-0.0304943 -0.00668444 0)
(0.0145426 0.403685 0)
(0.0160334 0.43392 0)
(-0.0245237 0.235324 0)
(-0.0478053 0.0588395 0)
(-0.0630521 -0.0432439 0)
(-0.0597772 -0.082151 0)
(-0.0539114 -0.0630726 0)
(-0.0621662 -0.0467709 0)
(-0.0857745 -0.101541 0)
(-0.117585 -0.15918 0)
(-0.119666 -0.180541 0)
(-0.0869873 -0.158768 0)
(-0.0411484 -0.0778545 0)
(0.0137862 0.0349159 0)
(0.0943465 0.113205 0)
(0.164047 0.215664 0)
(0.198379 0.224527 0)
(0.230619 0.166149 0)
(0.22042 0.0995013 0)
(0.170048 0.0356123 0)
(0.135754 -0.137244 0)
(0.0363462 -0.31685 0)
(-0.0222777 -0.307635 0)
(-0.0692958 -0.214394 0)
(-0.0858586 -0.00753762 0)
(-0.0324638 0.3158 0)
(0.0333185 0.399619 0)
(0.0454058 0.249106 0)
(0.0609184 0.0911454 0)
(0.0580292 0.00911912 0)
(0.049217 -0.0521658 0)
(0.0359809 -0.0614451 0)
(0.0423032 -0.0775769 0)
(0.0396083 -0.0886748 0)
(0.0181569 -0.105499 0)
(-0.0128982 -0.164222 0)
(-0.0255563 -0.185305 0)
(-0.0162336 -0.156808 0)
(0.0199099 -0.128244 0)
(0.0564693 -0.094351 0)
(0.087961 0.0463015 0)
(0.112073 0.15215 0)
(0.122365 0.134884 0)
(0.113548 0.116261 0)
(0.107645 0.0540692 0)
(0.0689118 -0.0764131 0)
(0.0209352 -0.192546 0)
(-0.0315332 -0.192412 0)
(-0.0686858 -0.137452 0)
(-0.10839 -0.0475914 0)
(-0.0718768 0.146592 0)
(0.00681437 0.232806 0)
(0.0602539 0.148317 0)
(0.0804995 0.0242004 0)
(0.0833183 -0.0280797 0)
(0.0811653 -0.0485993 0)
(0.0702633 -0.0487399 0)
(0.0733623 -0.0532095 0)
(0.0615789 -0.0525624 0)
(0.062682 -0.0524797 0)
(0.0338512 -0.0844732 0)
(0.00060668 -0.14277 0)
(-0.0210496 -0.152216 0)
(-0.0228933 -0.125481 0)
(-0.042061 -0.0421874 0)
(-0.0410915 0.0925423 0)
(-0.00875777 0.154263 0)
(0.00420971 0.151165 0)
(0.0252802 0.137326 0)
(0.0448454 0.118536 0)
(0.0383896 0.032904 0)
(0.0157797 -0.124157 0)
(-0.0331419 -0.128155 0)
(-0.067219 -0.07516 0)
(-0.0756359 0.0128783 0)
(-0.0529394 0.0590381 0)
(0.0142884 0.0740224 0)
(0.0696354 0.0487859 0)
(0.106539 0.00822998 0)
(0.118365 -0.0220742 0)
(0.129231 -0.0644743 0)
(0.128804 -0.087833 0)
(0.131305 -0.100756 0)
(0.124272 -0.103994 0)
(0.123365 -0.102886 0)
(0.111787 -0.0969681 0)
(0.0730541 -0.108822 0)
(0.0124598 -0.127882 0)
(-0.0406404 -0.118333 0)
(-0.0848876 -0.0882502 0)
(-0.0857036 -0.0301129 0)
(-0.0477335 0.022999 0)
(-0.0112728 0.0465895 0)
(0.0239885 0.02802 0)
(0.0521362 0.0261431 0)
(0.0701407 -0.0098629 0)
(0.0373998 -0.0786019 0)
(-0.00673444 -0.219765 0)
(-0.0283845 -0.227962 0)
(-0.0254797 -0.22985 0)
(-0.0140949 -0.228841 0)
(-0.0027639 -0.226439 0)
(0.0142837 -0.238473 0)
(0.0202837 -0.251975 0)
(0.0284937 -0.258172 0)
(0.0307065 -0.266238 0)
(0.0276889 -0.265341 0)
(0.0231221 -0.266062 0)
(0.0170449 -0.263633 0)
(0.0113536 -0.252913 0)
(0.0091503 -0.225332 0)
(0.00846185 -0.215207 0)
(0.000598205 -0.20281 0)
(-0.0100236 -0.199304 0)
(-0.0151417 -0.197846 0)
(-0.0149641 -0.215038 0)
(-0.0181196 -0.217788 0)
(-0.00745883 -0.207709 0)
(-0.00119304 -0.19937 0)
(0.00198995 -0.195376 0)
(0.00877605 -0.184208 0)
(0.00557262 -0.175093 0)
(0.000951616 -0.220817 0)
(0.000646376 -0.22906 0)
(-0.00175829 -0.252406 0)
(3.38655e-05 -0.261468 0)
(0.00432832 -0.263665 0)
(0.0113455 -0.271061 0)
(0.0145802 -0.272081 0)
(0.0185238 -0.267449 0)
(0.0138388 -0.257773 0)
(0.00775604 -0.247218 0)
(0.000442243 -0.238152 0)
(-0.00681317 -0.232969 0)
(-0.012252 -0.224375 0)
(-0.0119197 -0.215909 0)
(-0.0108175 -0.215361 0)
(-0.00999649 -0.207724 0)
(-0.011915 -0.210637 0)
(-0.0112612 -0.207572 0)
(-0.0104211 -0.217732 0)
(-0.0136991 -0.221705 0)
(-0.013851 -0.220209 0)
(-0.0140914 -0.212521 0)
(-0.0129349 -0.214773 0)
(-0.0118922 -0.206457 0)
(-0.00789114 -0.203976 0)
(0.00404495 -0.212872 0)
(0.00855767 -0.227665 0)
(0.0101335 -0.24553 0)
(0.00857478 -0.253505 0)
(0.00741543 -0.264429 0)
(0.00663235 -0.266613 0)
(0.00215682 -0.260369 0)
(-0.00399891 -0.253264 0)
(-0.00691501 -0.239346 0)
(-0.00889254 -0.231968 0)
(-0.00930327 -0.225252 0)
(-0.0104286 -0.223236 0)
(-0.0112378 -0.219375 0)
(-0.0119237 -0.213891 0)
(-0.0108453 -0.205467 0)
(-0.0099554 -0.197723 0)
(-0.00948263 -0.19721 0)
(-0.00884061 -0.205893 0)
(-0.00903542 -0.212123 0)
(-0.0102278 -0.220011 0)
(-0.0105138 -0.222248 0)
(-0.00828646 -0.213575 0)
(-0.00659857 -0.214629 0)
(-0.00703332 -0.209058 0)
(-0.00227453 -0.214454 0)
(0.00542109 -0.245926 0)
(0.0106032 -0.238634 0)
(0.010854 -0.249236 0)
(0.00876242 -0.252637 0)
(0.00453007 -0.257966 0)
(-0.00513822 -0.257207 0)
(-0.0114742 -0.25599 0)
(-0.0169037 -0.251318 0)
(-0.020266 -0.243234 0)
(-0.0219716 -0.237566 0)
(-0.0226626 -0.232553 0)
(-0.0223985 -0.22868 0)
(-0.0231117 -0.222302 0)
(-0.0241709 -0.217104 0)
(-0.0231922 -0.211435 0)
(-0.0203657 -0.20654 0)
(-0.0166632 -0.206571 0)
(-0.0135664 -0.21167 0)
(-0.0117394 -0.214821 0)
(-0.00879998 -0.220737 0)
(-0.0086934 -0.223367 0)
(-0.0056013 -0.220063 0)
(-0.00484241 -0.216812 0)
(-0.00426449 -0.216186 0)
(-0.000432306 -0.225821 0)
(0.00101988 -0.251804 0)
(0.00187509 -0.238421 0)
(0.000778526 -0.240542 0)
(-0.00148682 -0.244043 0)
(-0.00382411 -0.243968 0)
(-0.00654251 -0.239868 0)
(-0.01128 -0.235904 0)
(-0.0163584 -0.233219 0)
(-0.0195261 -0.231628 0)
(-0.0199146 -0.231773 0)
(-0.0203828 -0.229829 0)
(-0.0191604 -0.224491 0)
(-0.0189315 -0.219888 0)
(-0.0181255 -0.214507 0)
(-0.0191183 -0.211635 0)
(-0.0190925 -0.210557 0)
(-0.0182112 -0.209665 0)
(-0.017022 -0.214246 0)
(-0.0149553 -0.220472 0)
(-0.0122531 -0.225724 0)
(-0.00947732 -0.229517 0)
(-0.00727246 -0.224547 0)
(-0.00557617 -0.217101 0)
(-0.00463186 -0.217036 0)
(-0.00330665 -0.231921 0)
(8.25784e-05 -0.253848 0)
(-0.000268371 -0.238328 0)
(-0.00301136 -0.239058 0)
(-0.00647916 -0.241198 0)
(-0.0103013 -0.240858 0)
(-0.0142538 -0.235225 0)
(-0.0182661 -0.231072 0)
(-0.0218409 -0.229404 0)
(-0.0241709 -0.229872 0)
(-0.0295876 -0.230135 0)
(-0.031001 -0.229571 0)
(-0.0311472 -0.22868 0)
(-0.030436 -0.223805 0)
(-0.028412 -0.218443 0)
(-0.0263671 -0.215328 0)
(-0.0230363 -0.215668 0)
(-0.0185969 -0.219311 0)
(-0.0134096 -0.223808 0)
(-0.00999734 -0.227542 0)
(-0.00722822 -0.231166 0)
(-0.00551518 -0.234186 0)
(-0.0038587 -0.229493 0)
(-0.00282262 -0.221443 0)
(-0.00169673 -0.221114 0)
(2.06447e-05 -0.237812 0)
(0.000335563 -0.253489 0)
(0.000865174 -0.233776 0)
(-0.00146059 -0.230438 0)
(-0.00415664 -0.230431 0)
(-0.0074816 -0.229454 0)
(-0.0108598 -0.224791 0)
(-0.0134697 -0.220447 0)
(-0.0156702 -0.219528 0)
(-0.0175544 -0.22107 0)
(-0.0177251 -0.224193 0)
(-0.018488 -0.226349 0)
(-0.0190037 -0.225797 0)
(-0.0186123 -0.223764 0)
(-0.0177092 -0.221359 0)
(-0.0165239 -0.220859 0)
(-0.0155522 -0.221592 0)
(-0.015304 -0.223007 0)
(-0.015258 -0.227688 0)
(-0.0137041 -0.232161 0)
(-0.0112004 -0.236991 0)
(-0.00808428 -0.239237 0)
(-0.00485494 -0.232308 0)
(-0.00337747 -0.222952 0)
(-0.00296524 -0.222727 0)
(-0.00173884 -0.239798 0)
(0.000349145 -0.255939 0)
(0.00062909 -0.231933 0)
(-0.00102054 -0.227047 0)
(-0.00351247 -0.226384 0)
(-0.00590736 -0.225656 0)
(-0.00779789 -0.222142 0)
(-0.00952763 -0.21823 0)
(-0.0111687 -0.218456 0)
(-0.0124815 -0.221426 0)
(-0.0138324 -0.223488 0)
(-0.0148053 -0.22663 0)
(-0.0157874 -0.227884 0)
(-0.0167273 -0.226779 0)
(-0.0165335 -0.225205 0)
(-0.0150848 -0.224233 0)
(-0.0137614 -0.224532 0)
(-0.0124251 -0.226766 0)
(-0.0109831 -0.231256 0)
(-0.00997552 -0.237338 0)
(-0.00849914 -0.243503 0)
(-0.00679257 -0.245804 0)
(-0.0051098 -0.237961 0)
(-0.00416329 -0.226353 0)
(-0.00294021 -0.226083 0)
(-0.00108501 -0.247021 0)
(4.24721e-05 -0.256431 0)
(0.000304516 -0.230085 0)
(-0.000716007 -0.221956 0)
(-0.00221302 -0.220352 0)
(-0.00386584 -0.219108 0)
(-0.00617184 -0.216099 0)
(-0.00773335 -0.212464 0)
(-0.00875962 -0.213649 0)
(-0.00932796 -0.216741 0)
(-0.00984951 -0.219354 0)
(-0.0105588 -0.221952 0)
(-0.010929 -0.223515 0)
(-0.0109361 -0.224207 0)
(-0.0105392 -0.224616 0)
(-0.0107851 -0.224477 0)
(-0.0108553 -0.225027 0)
(-0.0104512 -0.227673 0)
(-0.00984337 -0.232456 0)
(-0.00898506 -0.238512 0)
(-0.00795746 -0.245588 0)
(-0.00587359 -0.248294 0)
(-0.00339441 -0.239864 0)
(-0.00227298 -0.227435 0)
(-0.00125421 -0.226667 0)
(-0.000871486 -0.249324 0)
(0.000409225 -0.257839 0)
(0.000711915 -0.230593 0)
(0.000793968 -0.220259 0)
(-0.000646462 -0.217923 0)
(-0.00232665 -0.216644 0)
(-0.00365784 -0.214334 0)
(-0.00441468 -0.211444 0)
(-0.0049945 -0.213907 0)
(-0.00553195 -0.217501 0)
(-0.00628806 -0.220309 0)
(-0.00731288 -0.222759 0)
(-0.00818725 -0.224717 0)
(-0.00825911 -0.225723 0)
(-0.00832097 -0.225249 0)
(-0.00826081 -0.224807 0)
(-0.00885666 -0.225891 0)
(-0.00879977 -0.229171 0)
(-0.00859457 -0.23418 0)
(-0.00836958 -0.240712 0)
(-0.00805374 -0.249818 0)
(-0.00641033 -0.254597 0)
(-0.00452138 -0.245245 0)
(-0.00293515 -0.231699 0)
(-0.00100869 -0.230221 0)
(-0.000420315 -0.252657 0)
(0.000118991 -0.259159 0)
(0.00127349 -0.231302 0)
(0.00120414 -0.219048 0)
(0.00120771 -0.214915 0)
(0.000153266 -0.213018 0)
(-0.00120494 -0.21076 0)
(-0.00246271 -0.208894 0)
(-0.00304297 -0.211621 0)
(-0.00366009 -0.214839 0)
(-0.00429086 -0.217177 0)
(-0.005503 -0.218977 0)
(-0.00687835 -0.221664 0)
(-0.00809126 -0.224044 0)
(-0.00898407 -0.223781 0)
(-0.00884368 -0.22305 0)
(-0.00846111 -0.225394 0)
(-0.00830692 -0.229215 0)
(-0.00808069 -0.234377 0)
(-0.00769128 -0.240892 0)
(-0.00759348 -0.251233 0)
(-0.0056055 -0.257743 0)
(-0.00277927 -0.248055 0)
(-0.000870318 -0.233306 0)
(-0.000791828 -0.23114 0)
(-0.000470737 -0.253708 0)
(-8.97735e-05 -0.260151 0)
(0.000271898 -0.232871 0)
(0.000601318 -0.218756 0)
(0.000149618 -0.213258 0)
(-0.00113219 -0.210678 0)
(-0.00226898 -0.208488 0)
(-0.00300058 -0.207744 0)
(-0.00326777 -0.210906 0)
(-0.00370789 -0.214189 0)
(-0.00399318 -0.21634 0)
(-0.00399851 -0.217676 0)
(-0.00436721 -0.220055 0)
(-0.00449099 -0.222919 0)
(-0.00504071 -0.223553 0)
(-0.00596975 -0.224086 0)
(-0.00633578 -0.225955 0)
(-0.00676778 -0.229212 0)
(-0.00722988 -0.234339 0)
(-0.00704433 -0.241286 0)
(-0.00763815 -0.25453 0)
(-0.00597556 -0.265033 0)
(-0.00289524 -0.256231 0)
(0.000268022 -0.237617 0)
(0.000444655 -0.231475 0)
(6.80294e-05 -0.25426 0)
(2.59183e-05 -0.260641 0)
(0.000661372 -0.233961 0)
(0.00124454 -0.218381 0)
(0.00130709 -0.212078 0)
(0.00089972 -0.208963 0)
(0.000335812 -0.206679 0)
(-9.93294e-05 -0.206662 0)
(9.75277e-05 -0.210224 0)
(-0.000192261 -0.213515 0)
(-0.000570344 -0.216128 0)
(-0.000943288 -0.217209 0)
(-0.00146038 -0.218996 0)
(-0.0026902 -0.221017 0)
(-0.00373599 -0.221005 0)
(-0.00485756 -0.220695 0)
(-0.00618773 -0.222617 0)
(-0.00729832 -0.228171 0)
(-0.00755772 -0.233526 0)
(-0.00804756 -0.240238 0)
(-0.00749901 -0.255866 0)
(-0.00685882 -0.269264 0)
(-0.00386096 -0.261344 0)
(-0.00127153 -0.240827 0)
(-6.19402e-05 -0.231727 0)
(-0.000121928 -0.254133 0)
(-0.000334361 -0.261047 0)
(-0.000555651 -0.235115 0)
(8.42401e-05 -0.218828 0)
(-0.000222396 -0.211752 0)
(-0.00118756 -0.207355 0)
(-0.00126687 -0.205858 0)
(-0.000523911 -0.20684 0)
(-2.23051e-05 -0.210451 0)
(-0.000233338 -0.213249 0)
(-0.000322883 -0.215214 0)
(-0.000280016 -0.216399 0)
(0.000265412 -0.217626 0)
(-0.000459861 -0.21987 0)
(-0.00117304 -0.219995 0)
(-0.00162353 -0.219525 0)
(-0.00186371 -0.221433 0)
(-0.00218427 -0.226117 0)
(-0.00363917 -0.232559 0)
(-0.00512323 -0.240734 0)
(-0.00583604 -0.256421 0)
(-0.00407282 -0.274961 0)
(-0.00187487 -0.270438 0)
(0.000943233 -0.246013 0)
(0.0006818 -0.231732 0)
(0.000446002 -0.254324 0)
(0.000105266 -0.26486 0)
(0.000818431 -0.238008 0)
(0.00127091 -0.2208 0)
(0.00133659 -0.211844 0)
(0.00282519 -0.208843 0)
(0.00364419 -0.208005 0)
(0.00413977 -0.208065 0)
(0.0034536 -0.21039 0)
(0.00375504 -0.213428 0)
(0.00354108 -0.215622 0)
(0.00305397 -0.216668 0)
(0.00188273 -0.21726 0)
(0.00120724 -0.217272 0)
(0.000119686 -0.2183 0)
(-4.59579e-06 -0.219973 0)
(-0.000665124 -0.220945 0)
(-0.00153237 -0.222927 0)
(-0.00389897 -0.228354 0)
(-0.00615498 -0.236754 0)
(-0.00802537 -0.257734 0)
(-0.00775732 -0.282832 0)
(-0.00482873 -0.280673 0)
(-0.0021193 -0.252462 0)
(2.37581e-05 -0.233025 0)
(-0.000242479 -0.256313 0)
(-0.000410047 -0.279599 0)
(-0.00116522 -0.250248 0)
(-0.00056507 -0.232974 0)
(0.000805405 -0.224412 0)
(0.00106032 -0.219207 0)
(0.00141604 -0.218008 0)
(0.00189483 -0.219389 0)
(0.0033373 -0.221184 0)
(0.00377824 -0.222702 0)
(0.00409683 -0.224417 0)
(0.00440499 -0.225721 0)
(0.0045489 -0.226336 0)
(0.00500349 -0.227307 0)
(0.00508704 -0.228103 0)
(0.004584 -0.228728 0)
(0.00343118 -0.229544 0)
(0.00315097 -0.230804 0)
(0.00276917 -0.234963 0)
(0.0014301 -0.243516 0)
(0.000212705 -0.266079 0)
(-0.000106209 -0.302699 0)
(-0.000436486 -0.305763 0)
(0.00070142 -0.273148 0)
(0.00100267 -0.246048 0)
(0.000716707 -0.270436 0)
(-0.000186106 -0.334395 0)
(0.000567537 -0.304298 0)
(0.00134348 -0.287237 0)
(0.00200479 -0.276983 0)
(0.00340998 -0.271015 0)
(0.00478347 -0.269762 0)
(0.00586136 -0.270887 0)
(0.00653161 -0.272742 0)
(0.00731399 -0.274183 0)
(0.00773051 -0.274997 0)
(0.00773219 -0.275196 0)
(0.00739855 -0.275048 0)
(0.00683331 -0.274963 0)
(0.00576939 -0.274721 0)
(0.00517722 -0.275994 0)
(0.00461468 -0.277796 0)
(0.00425723 -0.278949 0)
(0.00362898 -0.282514 0)
(0.00294761 -0.290478 0)
(0.00135822 -0.315832 0)
(0.000188657 -0.356588 0)
(-0.000693362 -0.363318 0)
(-0.000579133 -0.329156 0)
(0.000370275 -0.295812 0)
(0.000142979 -0.32205 0)
(-0.000238992 -0.455357 0)
(-0.000210256 -0.431043 0)
(0.000603566 -0.416188 0)
(0.00154886 -0.408621 0)
(0.00241357 -0.403684 0)
(0.00362173 -0.402728 0)
(0.00459904 -0.403658 0)
(0.00555617 -0.404891 0)
(0.00619993 -0.406272 0)
(0.00677634 -0.406889 0)
(0.00754734 -0.406879 0)
(0.00813509 -0.406534 0)
(0.00867538 -0.406434 0)
(0.00915111 -0.406293 0)
(0.00924917 -0.407097 0)
(0.00868431 -0.407916 0)
(0.00849393 -0.408459 0)
(0.00803176 -0.410955 0)
(0.00711471 -0.416901 0)
(0.00682252 -0.436721 0)
(0.00518893 -0.473387 0)
(0.00160235 -0.480504 0)
(-0.00114951 -0.452469 0)
(-0.00112515 -0.424892 0)
(8.57628e-05 -0.446071 0)
(-0.000315499 -0.550026 0)
(-0.000281919 -0.530282 0)
(0.000544145 -0.518278 0)
(0.00157615 -0.512034 0)
(0.0028261 -0.508069 0)
(0.00433169 -0.50725 0)
(0.00554652 -0.507934 0)
(0.00666509 -0.50883 0)
(0.00742123 -0.509938 0)
(0.00791445 -0.510405 0)
(0.008487 -0.510334 0)
(0.00884806 -0.509971 0)
(0.00920171 -0.509803 0)
(0.00930539 -0.509652 0)
(0.00920526 -0.510185 0)
(0.00872766 -0.510862 0)
(0.00878506 -0.511413 0)
(0.00869654 -0.513432 0)
(0.00844275 -0.518216 0)
(0.0082082 -0.53444 0)
(0.00632775 -0.564009 0)
(0.00218745 -0.569417 0)
(-0.000714079 -0.546426 0)
(-0.000766847 -0.524811 0)
(4.65096e-05 -0.542258 0)
)
;

boundaryField
{
    inlet           
    {
        type            fixedValue;
        value           uniform (0 0 0);
    }

    outlet          
    {
        type            inletOutlet;
        inletValue      uniform (0 0 0);
        value           nonuniform List<vector> 
25
(
(-0.000315499 -0.550026 0)
(-0.000281919 -0.530282 0)
(0.000544145 -0.518278 0)
(0.00157615 -0.512034 0)
(0.0028261 -0.508069 0)
(0.00433169 -0.50725 0)
(0.00554652 -0.507934 0)
(0.00666509 -0.50883 0)
(0.00742123 -0.509938 0)
(0.00791445 -0.510405 0)
(0.008487 -0.510334 0)
(0.00884806 -0.509971 0)
(0.00920171 -0.509803 0)
(0.00930539 -0.509652 0)
(0.00920526 -0.510185 0)
(0.00872766 -0.510862 0)
(0.00878506 -0.511413 0)
(0.00869654 -0.513432 0)
(0.00844275 -0.518216 0)
(0.0082082 -0.53444 0)
(0.00632775 -0.564009 0)
(0.00218745 -0.569417 0)
(-0.000714079 -0.546426 0)
(-0.000766847 -0.524811 0)
(4.65096e-05 -0.542258 0)
)
;
    }

    walls           
    {
        type            fixedValue;
        value           uniform (0 0 0);
    }

    defaultFaces    
    {
        type            empty;
    }
}

// ************************************************************************* //
