-0.0499719      1e-05
-0.0499122      1e-05
 -0.049845      1e-05
-0.0497694      1e-05
-0.0496843      1e-05
-0.0495885      1e-05
-0.0494808      1e-05
-0.0493595      1e-05
-0.0492231      1e-05
-0.0490695      1e-05
-0.0488967      1e-05
-0.0487022      1e-05
-0.0484834      1e-05
-0.0482371      1e-05
  -0.04796      1e-05
-0.0476481      1e-05
-0.0472971      1e-05
-0.0469021      1e-05
-0.0464577      1e-05
-0.0459575      1e-05
-0.0453947      1e-05
-0.0447613      1e-05
-0.0440485      1e-05
-0.0432464      1e-05
-0.0423437      1e-05
-0.0413279      1e-05
-0.0401848      1e-05
-0.0388984      1e-05
-0.0374508      1e-05
-0.0358218      1e-05
-0.0339885      1e-05
-0.0319255      1e-05
 -0.029604      1e-05
-0.0269914      1e-05
-0.0240515      1e-05
 -0.020743      1e-05
-0.0170199      1e-05
-0.0128301      1e-05
-0.00811521      1e-05
-0.00280937      1e-05
0.00280937      1e-05
0.00811521      1e-05
 0.0128301      1e-05
 0.0170199      1e-05
  0.020743      1e-05
 0.0240515      1e-05
 0.0269914      1e-05
  0.029604      1e-05
 0.0319255      1e-05
 0.0339885      1e-05
 0.0358218      1e-05
 0.0374508      1e-05
 0.0388984      1e-05
 0.0401848      1e-05
 0.0413279      1e-05
 0.0423437      1e-05
 0.0432464      1e-05
 0.0440485      1e-05
 0.0447613      1e-05
 0.0453947      1e-05
 0.0459575      1e-05
 0.0464577      1e-05
 0.0469021      1e-05
 0.0472971      1e-05
 0.0476481      1e-05
   0.04796      1e-05
 0.0482371      1e-05
 0.0484834      1e-05
 0.0487022      1e-05
 0.0488967      1e-05
 0.0490695      1e-05
 0.0492231      1e-05
 0.0493595      1e-05
 0.0494808      1e-05
 0.0495885      1e-05
 0.0496843      1e-05
 0.0497694      1e-05
  0.049845      1e-05
 0.0499122      1e-05
 0.0499719      1e-05
