 -0.049375      1e-05
 -0.048125      1e-05
 -0.046875      1e-05
 -0.045625      1e-05
 -0.044375      1e-05
 -0.043125      1e-05
 -0.041875      1e-05
 -0.040625      1e-05
 -0.039375      1e-05
 -0.038125      1e-05
 -0.036875      1e-05
 -0.035625      1e-05
 -0.034375      1e-05
 -0.033125      1e-05
 -0.031875      1e-05
 -0.030625      1e-05
 -0.029375      1e-05
 -0.028125      1e-05
 -0.026875      1e-05
 -0.025625      1e-05
 -0.024375      1e-05
 -0.023125      1e-05
 -0.021875      1e-05
 -0.020625      1e-05
 -0.019375      1e-05
 -0.018125      1e-05
 -0.016875      1e-05
 -0.015625      1e-05
 -0.014375      1e-05
 -0.013125      1e-05
 -0.011875      1e-05
 -0.010625      1e-05
 -0.009375      1e-05
 -0.008125      1e-05
 -0.006875      1e-05
 -0.005625      1e-05
 -0.004375      1e-05
 -0.003125      1e-05
 -0.001875      1e-05
 -0.000625      1e-05
  0.000625      1e-05
  0.001875      1e-05
  0.003125      1e-05
  0.004375      1e-05
  0.005625      1e-05
  0.006875      1e-05
  0.008125      1e-05
  0.009375      1e-05
  0.010625      1e-05
  0.011875      1e-05
  0.013125      1e-05
  0.014375      1e-05
  0.015625      1e-05
  0.016875      1e-05
  0.018125      1e-05
  0.019375      1e-05
  0.020625      1e-05
  0.021875      1e-05
  0.023125      1e-05
  0.024375      1e-05
  0.025625      1e-05
  0.026875      1e-05
  0.028125      1e-05
  0.029375      1e-05
  0.030625      1e-05
  0.031875      1e-05
  0.033125      1e-05
  0.034375      1e-05
  0.035625      1e-05
  0.036875      1e-05
  0.038125      1e-05
  0.039375      1e-05
  0.040625      1e-05
  0.041875      1e-05
  0.043125      1e-05
  0.044375      1e-05
  0.045625      1e-05
  0.046875      1e-05
  0.048125      1e-05
  0.049375      1e-05
